: 6931 6949 226
-204: 6840 6848 228
-200: 6750 6798 229
-200: 6659 6698 231
-204: 6569 6597 233
-200: 6479 6497 235
-200: 6389 6397 237
-204: 6298 6346 238
-200: 6208 6246 240
-200: 6117 6146 242
-200: 6027 6045 244
-200: 5936 5945 246
-204: 5845 5894 247
-200: 5755 5794 249
-153: 5664 5693 251
-150: 5573 5593 253
-150: 5483 5492 255
-150: 5392 5442 256
-153: 5301 5341 258
-150: 5212 5241 260
-150: 5121 5141 262
-150: 5030 5040 264
-150: 4940 4940 266
-150: 4849 4890 267
-150: 4759 4789 269
-150: 4668 4689 271
-153: 4578 4588 273
-150: 4487 4488 275
-150: 4397 4438 276
-150: 4306 4337 278
-150: 4216 4237 280
-153: 4125 4136 282
-150: 4035 4036 284
-150: 3944 3986 285
-150: 3853 3885 287
-150: 3763 3785 289
-150: 3673 3684 291
-153: 3582 3583 293
-150: 3491 3533 294
-153: 3400 3432 296
-153: 3309 3331 298
-150: 3219 3231 300
-153: 3128 3130 302
-150: 3037 3080 303
-150: 2947 2979 305
-153: 2855 2878 307
-153: 2765 2777 309
-150: 2673 2677 311
-153: 2582 2626 312
-153: 2492 2525 314
-150: 2401 2425 316
-153: 2309 2323 318
-150: 2218 2223 320
-153: 2127 2172 321
-150: 2036 2071 323
-153: 1945 1970 325
-153: 1854 1869 327
-150: 1763 1768 329
-150: 1672 1718 330
-153: 1581 1616 332
-102: 1490 1515 334
-102: 1399 1414 336
-100: 1307 1313 338
-102: 1217 1262 339
-102: 1126 1161 341
-102: 1034 1060 343
-100: 944 959 345
-102: 861 908 346
-102: 779 807 348
-102: 697 706 350
-102: 614 655 351
-102: 532 554 353
-102: 451 453 355
-100: 368 403 356
-102: 286 301 358
-100: 203 251 359
-100: 121 150 361
-102: 39 48 363
-98: -33 -1 364
-102: -107 -102 366
-102: -199 -153 367
-102: -289 -254 369
-102: -380 -355 371
-102: -471 -456 373
-102: -561 -557 375
-100: -653 -607 376
-100: -744 -708 378
-100: -835 -809 380
-100: -926 -910 382
-100: -1017 -1011 384
-102: -1116 -1112 386
-100: -1216 -1213 388
-102: -1315 -1314 390
-102: -1415 -1415 392
-100: -1515 -1465 393
-102: -1614 -1566 395
-102: -1715 -1667 397
-102: -1814 -1768 399
-100: -1914 -1868 401
-100: -2014 -1969 403
-100: -2114 -2070 405
-100: -2214 -2171 407
-100: -2313 -2272 409
-102: -2413 -2373 411
-100: -2513 -2474 413
-100: -2613 -2575 415
-102: -2713 -2676 417
-100: -2812 -2777 419
-102: -2912 -2878 421
-100: -3012 -2979 423
-100: -3112 -3080 425
-102: -3212 -3181 427
-100: -3311 -3282 429
-100: -3412 -3383 431
-102: -3512 -3485 433
-100: -3611 -3585 435
-102: -3711 -3687 437
-102: -3811 -3788 439
-102: -3911 -3889 441
-100: -4011 -3990 443
-100: -4110 -4091 445
-102: -4211 -4193 447
-102: -4310 -4294 449
-102: -4410 -4395 451
-102: -4511 -4496 453
-100: -4610 -4597 455
-102: -4711 -4699 457
-102: -4811 -4800 459
-102: -4911 -4901 461
-100: -5011 -5002 463
-100: -5111 -5103 465
-102: -5211 -5205 467
-102: -5311 -5306 469
-102: -5411 -5407 471
-100: -5511 -5508 473
-100: -5611 -5609 475
-102: -5712 -5710 477
-102: -5811 -5761 478
-102: -5911 -5862 480
-102: -6011 -5963 482
-102: -6111 -6064 484
-100: -6211 -6164 486
-102: -6311 -6266 488
-100: -6410 -6366 490
-102: -6510 -6467 492
-100: -6609 -6568 494
-100: -6709 -6668 496
-100: -6809 -6769 498
-100: -6908 -6870 500
-51: -7008 -6971 502
-50: -7102 -7071 504
-50: -7198 -7171 506
-50: -7293 -7272 508
-50: -7387 -7372 510
-50: -7483 -7473 512
-50: -7578 -7573 514
-50: -7673 -7623 515
-50: -7768 -7724 517
-50: -7863 -7824 519
-50: -7958 -7925 521
-51: -8053 -8026 523
-50: -8148 -8126 525
16333: 8140 8157 527
-50: 8045 8056 529
-50: 7960 8006 530
-51: 7873 7905 532
-50: 7787 7805 534
-50: 7701 7705 536
-51: 7615 7654 537
-50: 7529 7554 539
-51: 7443 7453 541
-50: 7356 7403 542
-50: 7270 7302 544
-50: 7184 7202 546
-51: 7098 7101 548
-50: 7012 7051 549
-50: 6926 6951 551
-50: 6839 6850 553
-50: 6753 6800 554
-51: 6666 6699 556
-50: 6580 6599 558
-50: 6495 6498 560
-50: 6409 6448 561
-51: 6322 6347 563
-50: 6236 6247 565
-50: 6150 6197 566
-50: 6065 6096 568
-50: 5979 5996 570
-50: 5892 5895 572
-50: 5806 5845 573
-50: 5720 5744 575
-50: 5634 5644 577
-51: 5548 5593 578
-50: 5462 5493 580
-51: 5376 5392 582
-50: 5289 5292 584
-50: 5204 5242 585
-51: 5117 5141 587
-50: 5031 5041 589
-50: 4945 4991 590
-51: 4859 4890 592
-50: 4773 4790 594
-51: 4687 4689 596
-50: 4601 4639 597
-50: 4515 4539 599
-51: 4430 4438 601
-50: 4343 4388 602
-50: 4258 4288 604
-51: 4172 4187 606
-50: 4086 4087 608
-50: 4000 4037 609
-51: 3914 3936 611
-50: 3827 3836 613
-51: 3742 3785 614
-50: 3655 3685 616
-51: 3569 3584 618
-50: 3483 3484 620
-50: 3397 3434 621
-50: 3311 3333 623
-50: 3225 3233 625
-51: 3139 3182 626
-51: 3052 3081 628
-50: 2966 2981 630
-50: 2879 2880 632
-50: 2793 2830 633
-50: 2707 2729 635
-51: 2620 2628 637
-50: 2534 2578 638
-50: 2448 2477 640
-51: 2361 2376 642
-50: 2275 2275 644
-50: 2188 2225 645
-50: 2102 2124 647
-50: 2015 2023 649
-51: 1929 1972 650
-51: 1842 1871 652
-51: 1755 1770 654
-51: 1669 1669 656
-50: 1582 1619 657
-50: 1495 1518 659
-50: 1409 1417 661
-51: 1322 1366 662
-50: 1236 1265 664
-50: 1149 1164 666
-51: 1062 1062 668
-50: 976 1012 669
-51: 894 911 671
-51: 816 860 672
-51: 739 759 674
-50: 662 709 675
-51: 584 607 677
-51: 506 506 679
-50: 428 456 680
-51: 350 354 682
-50: 272 304 683
-50: 195 203 685
-50: 116 153 686
-51: 38 51 688
-50: -29 1 689
-49: -98 -48 690
-51: -176 -150 692
-51: -263 -251 694
-50: -349 -301 695
-51: -436 -402 697
-50: -521 -503 699
-51: -608 -604 701
-50: -694 -654 702
-50: -781 -755 704
-50: -867 -856 706
-51: -954 -907 707
-50: -1039 -1007 709
-50: -1135 -1108 711
-50: -1230 -1209 713
-50: -1325 -1310 715
-51: -1421 -1411 717
-50: -1516 -1512 719
-50: -1611 -1562 720
-51: -1707 -1664 722
-50: -1802 -1764 724
-50: -1898 -1865 726
-51: -1993 -1967 728
-50: -2088 -2067 730
-51: -2184 -2169 732
-50: -2279 -2269 734
-50: -2375 -2370 736
-51: -2471 -2421 737
-50: -2566 -2522 739
-50: -2662 -2623 741
-51: -2757 -2725 743
-50: -2853 -2825 745
-51: -2948 -2927 747
-50: -3043 -3028 749
-51: -3139 -3129 751
-50: -3235 -3230 753
-51: -3330 -3281 754
-51: -3426 -3382 756
-50: -3522 -3483 758
-50: -3617 -3584 760
-51: -3713 -3686 762
-51: -3808 -3787 764
-51: -3904 -3888 766
-50: -4000 -3989 768
-50: -4095 -4090 770
-51: -4191 -4141 771
-50: -4287 -4242 773
-50: -4382 -4343 775
-51: -4478 -4445 777
-51: -4574 -4546 779
-51: -4669 -4647 781
-50: -4765 -4748 783
-50: -4860 -4849 785
-51: -4956 -4951 787
-50: -5052 -5001 788
-50: -5147 -5102 790
-50: -5243 -5203 792
-50: -5338 -5304 794
-50: -5433 -5405 796
-51: -5529 -5507 798
-50: -5624 -5607 800
-50: -5719 -5708 802
-50: -5814 -5809 804
-51: -5909 -5860 805
-51: -6005 -5961 807
-50: -6100 -6061 809
-50: -6196 -6162 811
-50: -6291 -6263 813
-51: -6386 -6364 815
-51: -6481 -6465 817
-50: -6576 -6565 819
-51: -6671 -6666 821
-50: -6766 -6716 822
-50: -6861 -6816 824
-50: -6955 -6917 826
-51: -7050 -7018 828
-50: -7145 -7118 830
-50: -7240 -7218 832
-50: -7335 -7318 834
-51: -7429 -7419 836
-50: -7525 -7519 838
-50: -7619 -7619 840
-50: -7715 -7669 841
-50: -7810 -7770 843
-50: -7904 -7870 845
-51: -7999 -7971 847
-50: -8094 -8071 849
-50: -8188 -8171 851
-51: 8100 8111 853
-50: 8014 8061 854
-50: 7928 7961 856
-50: 7842 7861 858
-49: 7756 7761 860
-51: 7670 7710 861
-50: 7584 7610 863
-51: 7498 7509 865
-50: 7412 7459 866
-50: 7326 7359 868
-50: 7240 7259 870
-50: 7154 7158 872
-50: 7068 7108 873
-50: 6982 7008 875
-50: 6896 6907 877
-50: 6811 6857 878
-50: 6725 6757 880
-51: 6639 6656 882
-50: 6553 6556 884
-50: 6468 6506 885
-50: 6381 6405 887
-50: 6295 6305 889
-50: 6209 6255 890
-51: 6123 6154 892
-50: 6038 6054 894
-51: 5952 5953 896
-50: 5865 5903 897
-50: 5779 5803 899
-51: 5694 5702 901
-50: 5608 5652 902
-50: 5522 5552 904
-51: 5437 5451 906
-50: 5351 5401 907
-50: 5265 5301 909
-50: 5179 5201 911
-50: 5093 5100 913
-50: 5008 5050 914
-50: 4922 4950 916
-51: 4836 4849 918
-50: 4750 4799 919
-50: 4664 4699 921
-50: 4578 4599 923
-51: 4492 4498 925
-50: 4406 4448 926
-50: 4320 4348 928
-50: 4235 4247 930
-50: 4149 4197 931
-51: 4062 4096 933
-50: 3976 3996 935
-51: 3890 3895 937
-50: 3804 3845 938
-50: 3718 3745 940
-50: 3631 3644 942
-51: 3545 3593 943
-50: 3459 3493 945
-51: 3373 3392 947
-50: 3287 3292 949
-51: 3200 3241 950
-51: 3114 3140 952
-50: 3028 3040 954
-51: 2941 2989 955
-51: 2854 2888 957
-51: 2768 2787 959
-50: 2681 2687 961
-51: 2595 2636 962
-50: 2509 2535 964
-51: 2422 2434 966
-51: 2336 2383 967
-51: 2250 2282 969
-50: 2164 2182 971
-51: 2077 2080 973
-50: 1991 2030 974
-50: 1904 1929 976
-51: 1817 1827 978
-50: 1731 1777 979
-51: 1644 1676 981
-50: 1557 1575 983
-50: 1471 1474 985
-51: 1384 1423 986
-50: 1298 1322 988
-50: 1212 1221 990
-51: 1125 1170 991
-51: 1038 1069 993
-51: 952 968 995
-50: 875 918 996
-51: 797 816 998
-50: 720 766 999
-25500: 642 665 2
-12500: 560 564 4
-10000: 478 514 5
-7100: 395 413 7
-6375: 317 362 8
-5100: 240 261 10
-4233: 158 160 12
-3800: 76 110 13
-3300: 0 9 15
-3038: -65 -40 16
-2750: -147 -141 18
-2652: -237 -192 19
-2350: -327 -292 21
-2150: -418 -393 23
-2000: -509 -494 25
-1887: -600 -595 27
-1750: -691 -645 28
-1650: -781 -746 30
-1581: -871 -847 32
-1479: -962 -948 34
-1350: -1052 -1048 36
-1326: -1152 -1150 38
-1250: -1251 -1250 40
-1173: -1351 -1351 42
-1173: -1451 -1402 43
-1100: -1551 -1502 45
-1050: -1651 -1603 47
-1020: -1751 -1705 49
-950: -1850 -1805 51
-900: -1946 -1906 53
-900: -2041 -2007 55
-867: -2136 -2108 57
-800: -2232 -2209 59
-816: -2327 -2310 61
-765: -2423 -2411 63
-750: -2518 -2512 65
-714: -2613 -2613 67
-714: -2709 -2664 68
-700: -2804 -2764 70
-650: -2900 -2865 72
-663: -2995 -2967 74
-650: -3090 -3067 76
-600: -3186 -3168 78
-600: -3281 -3269 80
-600: -3377 -3370 82
-561: -3472 -3472 84
-550: -3567 -3522 85
-561: -3663 -3623 87
-550: -3758 -3724 89
-500: -3853 -3825 91
-500: -3949 -3926 93
-500: -4044 -4027 95
-500: -4139 -4128 97
-500: -4235 -4229 99
-450: -4330 -4330 101
-459: -4430 -4381 102
-459: -4530 -4482 104
-459: -4630 -4583 106
-459: -4729 -4684 108
-459: -4829 -4785 110
-400: -4929 -4885 112
-400: -5028 -4986 114
-400: -5128 -5087 116
-408: -5228 -5188 118
-408: -5327 -5289 120
-400: -5426 -5389 122
-400: -5526 -5490 124
-350: -5625 -5590 126
-357: -5724 -5691 128
-350: -5823 -5791 130
-357: -5923 -5892 132
-350: -6022 -5992 134
-350: -6121 -6092 136
-350: -6220 -6193 138
-350: -6319 -6293 140
-350: -6418 -6393 142
-300: -6517 -6494 144
-300: -6616 -6594 146
-306: -6716 -6695 148
-300: -6815 -6795 150
-300: -6914 -6895 152
-300: -7013 -6996 154
-300: -7112 -7096 156
-300: -7211 -7196 158
-300: -7310 -7297 160
-300: -7409 -7397 162
-300: -7508 -7497 164
-294: -7607 -7597 166
-250: -7707 -7698 168
-255: -7806 -7799 170
-250: -7905 -7899 172
-250: -8005 -7999 174
-250: -8104 -8100 176
16129: 8180 8183 178
-255: 8085 8132 179
-250: 7994 8032 181
-250: 7904 7932 183
-250: 7813 7831 185
-250: 7723 7731 187
-255: 7633 7680 188
-250: 7542 7580 190
-250: 7452 7480 192
-250: 7361 7379 194
-250: 7271 7279 196
-250: 7181 7229 197
-250: 7090 7128 199
-200: 7000 7028 201
-200: 6909 6927 203
-204: 6819 6826 205
-200: 6729 6776 206
-200: 6638 6676 208
-200: 6548 6575 210
-200: 6457 6475 212
-204: 6367 6374 214
-200: 6277 6324 215
-200: 6186 6224 217
-204: 6095 6123 219
-200: 6005 6023 221
-200: 5914 5923 223
-200: 5824 5873 224
-200: 5734 5773 226
-200: 5643 5672 228
-204: 5552 5571 230
-200: 5462 5471 232
-200: 5371 5421 233
-200: 5281 5320 235
-200: 5190 5220 237
-204: 5099 5119 239
-200: 5009 5019 241
-204: 4918 4918 243
-200: 4827 4868 244
-200: 4737 4768 246
-200: 4647 4667 248
-200: 4556 4566 250
-150: 4466 4516 251
-150: 4375 4415 253
-150: 4285 4314 255
-150: 4194 4214 257
-150: 4103 4113 259
-150: 4012 4012 261
-150: 3921 3962 262
-153: 3831 3860 264
-150: 3740 3760 266
-150: 3649 3659 268
-150: 3558 3558 270
-150: 3467 3508 271
-153: 3376 3406 273
-153: 3285 3305 275
-150: 3194 3205 277
-153: 3103 3103 279
-150: 3012 3053 280
-153: 2921 2952 282
-150: 2830 2851 284
-150: 2739 2750 286
-150: 2648 2649 288
-153: 2557 2598 289
-153: 2466 2497 291
-150: 2374 2396 293
-150: 2283 2295 295
-150: 2192 2194 297
-153: 2101 2143 298
-150: 2010 2042 300
-150: 1919 1941 302
-153: 1827 1839 304
-150: 1737 1739 306
-153: 1646 1688 307
-150: 1555 1587 309
-150: 1464 1486 311
-150: 1373 1385 313
-150: 1282 1284 315
-150: 1191 1234 316
-150: 1100 1133 318
-150: 1009 1032 320
-150: 918 931 322
-153: 836 880 323
-153: 754 779 325
-150: 672 679 327
-153: 590 628 328
-153: 508 527 330
-153: 426 426 332
-150: 343 376 333
-100: 262 275 335
-100: 179 225 336
-100: 98 124 338
-100: 20 23 340
-98: -51 -26 341
-100: -130 -127 343
-102: -220 -178 344
-100: -310 -278 346
-100: -401 -379 348
-100: -492 -480 350
-102: -583 -581 352
-102: -674 -632 353
-100: -765 -732 355
-100: -856 -833 357
-100: -947 -934 359
-100: -1038 -1035 361
-100: -1138 -1136 363
-100: -1238 -1237 365
-102: -1338 -1288 366
-102: -1438 -1389 368
-102: -1538 -1490 370
-102: -1638 -1591 372
-102: -1738 -1692 374
-102: -1838 -1793 376
-102: -1938 -1894 378
-100: -2037 -1995 380
-100: -2137 -2096 382
-102: -2237 -2198 384
-100: -2337 -2298 386
-102: -2438 -2400 388
-102: -2537 -2501 390
-102: -2637 -2602 392
-100: -2737 -2703 394
-100: -2837 -2804 396
-102: -2937 -2906 398
-102: -3037 -3007 400
-102: -3137 -3108 402
-100: -3237 -3209 404
-100: -3337 -3310 406
-100: -3437 -3411 408
-100: -3537 -3512 410
-100: -3636 -3613 412
-102: -3736 -3715 414
-100: -3835 -3815 416
-102: -3936 -3917 418
-100: -4035 -4017 420
-100: -4135 -4118 422
-100: -4235 -4219 424
-100: -4334 -4320 426
-102: -4434 -4421 428
-102: -4533 -4522 430
-100: -4633 -4622 432
-100: -4732 -4723 434
-100: -4831 -4823 436
-100: -4931 -4924 438
-100: -5030 -5025 440
-100: -5129 -5125 442
-102: -5229 -5226 444
-100: -5328 -5326 446
-100: -5428 -5426 448
-100: -5527 -5527 450
-100: -5626 -5577 451
-100: -5725 -5677 453
-100: -5824 -5778 455
-102: -5924 -5878 457
-100: -6023 -5978 459
-100: -6122 -6078 461
-102: -6222 -6179 463
-100: -6321 -6279 465
-100: -6420 -6379 467
-100: -6519 -6480 469
-100: -6618 -6580 471
-102: -6718 -6681 473
-100: -6816 -6781 475
-100: -6916 -6881 477
-102: -7015 -6982 479
-100: -7114 -7082 481
-100: -7213 -7182 483
-100: -7312 -7283 485
-100: -7411 -7383 487
-102: -7511 -7484 489
-100: -7610 -7584 491
-100: -7709 -7684 493
-100: -7809 -7784 495
-102: -7908 -7885 497
-100: -8008 -7985 499
-50: -8106 -8085 501
-50: 8182 -8186 503
-50: 8091 8097 505
-50: 8005 8047 506
-50: 7919 7946 508
-50: 7834 7846 510
-50: 7747 7796 511
-50: 7661 7695 513
-50: 7575 7595 515
-51: 7489 7494 517
-50: 7403 7444 518
-50: 7317 7344 520
-50: 7231 7244 522
-51: 7145 7193 523
-50: 7059 7093 525
-50: 6973 6993 527
-50: 6886 6892 529
-50: 6801 6842 530
-50: 6715 6742 532
-50: 6630 6642 534
-51: 6544 6591 535
-51: 6457 6491 537
-50: 6371 6391 539
-50: 6285 6291 541
-51: 6199 6240 542
-50: 6113 6140 544
-50: 6027 6040 546
-50: 5941 5990 547
-50: 5855 5889 549
-50: 5769 5789 551
-50: 5682 5688 553
-50: 5596 5638 554
-50: 5511 5537 556
-50: 5424 5437 558
-51: 5338 5386 559
-50: 5252 5286 561
-51: 5165 5185 563
-51: 5079 5084 565
-50: 4993 5034 566
-51: 4907 4933 568
-50: 4821 4833 570
-51: 4734 4782 571
-51: 4648 4681 573
-51: 4561 4580 575
-50: 4475 4480 577
-51: 4388 4429 578
-50: 4302 4328 580
-51: 4216 4227 582
-51: 4130 4176 583
-51: 4044 4075 585
-50: 3957 3975 587
-51: 3870 3873 589
-50: 3784 3823 590
-50: 3697 3722 592
-51: 3611 3620 594
-50: 3524 3570 595
-51: 3437 3469 597
-50: 3350 3368 599
-50: 3264 3267 601
-51: 3177 3216 602
-50: 3090 3115 604
-50: 3004 3014 606
-51: 2917 2963 607
-51: 2831 2862 609
-51: 2745 2761 611
-51: 2658 2660 613
-51: 2571 2609 614
-50: 2485 2509 616
-51: 2398 2407 618
-50: 2312 2357 619
-50: 2226 2256 621
-50: 2139 2155 623
-50: 2053 2054 625
-50: 1966 2004 626
-50: 1880 1903 628
-50: 1794 1802 630
-51: 1707 1751 631
-51: 1621 1650 633
-50: 1534 1550 635
-50: 1448 1449 637
-51: 1362 1398 638
-51: 1276 1297 640
-50: 1189 1197 642
-51: 1103 1146 643
-51: 1017 1045 645
-50: 930 945 647
-51: 852 894 648
-50: 775 793 650
-50: 697 743 651
-50: 620 642 653
-51: 543 591 654
-50: 465 491 656
-50: 387 390 658
-51: 310 339 659
-50: 232 239 661
-51: 154 188 662
-50: 76 87 664
-50: 7 37 665
-50: -56 -13 666
-51: -134 -114 668
-51: -220 -215 670
-50: -306 -265 671
-50: -393 -366 673
-50: -479 -467 675
-51: -565 -518 676
-51: -652 -619 678
-51: -738 -720 680
-51: -824 -821 682
-50: -912 -871 683
-50: -998 -972 685
-50: -1085 -1073 687
-51: -1180 -1175 689
-50: -1276 -1275 691
-51: -1371 -1326 692
-50: -1467 -1427 694
-50: -1562 -1528 696
-51: -1658 -1629 698
-50: -1752 -1730 700
-50: -1847 -1831 702
-51: -1943 -1933 704
-50: -2038 -2033 706
-51: -2134 -2084 707
-50: -2229 -2185 709
-50: -2324 -2286 711
-51: -2420 -2387 713
-50: -2515 -2488 715
-51: -2610 -2589 717
-50: -2706 -2690 719
-50: -2801 -2791 721
-50: -2897 -2892 723
-51: -2992 -2943 724
-50: -3087 -3043 726
-50: -3183 -3144 728
-50: -3278 -3245 730
-51: -3373 -3346 732
-51: -3468 -3447 734
-50: -3563 -3547 736
-51: -3658 -3648 738
-50: -3753 -3748 740
-51: -3848 -3799 741
-50: -3943 -3899 743
-50: -4038 -4000 745
-50: -4133 -4100 747
-50: -4228 -4201 749
-50: -4322 -4301 751
-51: -4417 -4402 753
-50: -4512 -4502 755
-50: -4606 -4602 757
-51: -4701 -4653 758
-50: -4796 -4753 760
-50: -4891 -4853 762
-50: -4986 -4954 764
-50: -5080 -5054 766
-50: -5175 -5154 768
-50: -5269 -5255 770
-50: -5364 -5355 772
-51: -5459 -5456 774
-50: -5554 -5506 775
-50: -5649 -5606 777
-51: -5744 -5707 779
-50: -5838 -5807 781
-50: -5933 -5907 783
-50: -6028 -6008 785
-50: -6122 -6108 787
-51: -6217 -6209 789
-50: -6312 -6309 791
-50: -6407 -6359 792
-50: -6502 -6460 794
-50: -6597 -6560 796
-51: -6692 -6661 798
-50: -6787 -6761 800
-50: -6882 -6861 802
-50: -6977 -6962 804
-50: -7072 -7062 806
-50: -7167 -7163 808
-50: -7262 -7213 809
-50: -7356 -7313 811
-50: -7452 -7414 813
-51: -7546 -7515 815
-50: -7641 -7615 817
-51: -7736 -7716 819
-50: -7831 -7816 821
-50: -7925 -7916 823
-50: -8020 -8017 825
-50: -8115 -8067 826
-50: 8173 -8167 828
-49: 8083 8116 830
-50: 7997 8015 832
-50: 7911 7915 834
-50: 7825 7865 835
-51: 7739 7764 837
-50: 7654 7664 839
-50: 7568 7614 840
-50: 7482 7514 842
-50: 7396 7413 844
-50: 7310 7313 846
-50: 7224 7263 847
-50: 7138 7162 849
-50: 7052 7062 851
-51: 6965 7011 852
-50: 6880 6911 854
-50: 6794 6811 856
-50: 6707 6710 858
-51: 6621 6659 859
-50: 6535 6559 861
-51: 6448 6458 863
-50: 6362 6408 864
-51: 6276 6307 866
-50: 6189 6207 868
-50: 6103 6106 870
-50: 6017 6056 871
-50: 5930 5955 873
-50: 5844 5854 875
-50: 5757 5804 876
-51: 5671 5703 878
-51: 5584 5602 880
-50: 5498 5502 882
-51: 5411 5451 883
-50: 5325 5350 885
-51: 5238 5249 887
-50: 5152 5199 888
-50: 5066 5098 890
-50: 4979 4997 892
-50: 4893 4896 894
-51: 4806 4845 895
-51: 4719 4744 897
-51: 4632 4643 899
-50: 4546 4593 900
-50: 4459 4492 902
-51: 4372 4390 904
-50: 4286 4290 906
-51: 4200 4239 907
-50: 4113 4138 909
-50: 4027 4037 911
-51: 3940 3986 912
-51: 3853 3885 914
-51: 3767 3784 916
-51: 3680 3683 918
-50: 3594 3633 919
-50: 3507 3532 921
-50: 3421 3431 923
-51: 3334 3380 924
-50: 3247 3280 926
-51: 3161 3178 928
-50: 3075 3078 930
-51: 2988 3027 931
-51: 2901 2926 933
-50: 2815 2826 935
-51: 2729 2775 936
-51: 2642 2674 938
-50: 2556 2574 940
-50: 2469 2473 942
-51: 2383 2422 943
-50: 2297 2322 945
-50: 2211 2221 947
-51: 2125 2170 948
-50: 2039 2070 950
-50: 1952 1969 952
-50: 1866 1868 954
-50: 1780 1818 955
-50: 1694 1717 957
-50: 1608 1616 959
-50: 1522 1566 960
-50: 1435 1465 962
-50: 1348 1364 964
-50: 1263 1263 966
-50: 1176 1213 967
-50: 1089 1112 969
-50: 1003 1011 971
-51: 916 960 972
-51: 839 859 974
-50: 762 809 975
-51: 684 708 977
-50: 606 607 979
-51: 528 556 980
-51: 451 455 982
-50: 373 405 983
-50: 296 304 985
-51: 218 253 986
-51: 141 152 988
-51: 63 101 989
-50: -9 1 991
-50: -74 -49 992
-50: -152 -150 994
-51: -238 -201 995
-50: -325 -301 997
-51: -412 -403 999
-50: -498 -453 1
-16650: -576 -554 3
-10200: -668 -656 5
-7242: -758 -757 7
-6250: -845 -807 8
-5100: -932 -909 10
-4233: -1023 -1010 12
-3621: -1124 -1111 14
-3100: -1223 -1212 16
-2750: -1323 -1313 18
-2550: -1423 -1415 20
-2250: -1523 -1515 22
-2091: -1623 -1617 24
-1938: -1723 -1718 26
-1750: -1822 -1818 28
-1683: -1922 -1920 30
-1550: -2022 -2020 32
-1450: -2122 -2121 34
-1428: -2222 -2172 35
-1350: -2321 -2272 37
-1250: -2421 -2373 39
-1200: -2520 -2474 41
-1173: -2620 -2575 43
-1122: -2719 -2676 45
-1050: -2819 -2776 47
-1020: -2918 -2877 49
-950: -3017 -2977 51
-918: -3112 -3078 53
-900: -3207 -3178 55
-850: -3302 -3278 57
-816: -3397 -3379 59
-800: -3491 -3479 61
-750: -3586 -3579 63
-750: -3681 -3680 65
-750: -3776 -3730 66
-700: -3870 -3830 68
-700: -3965 -3931 70
-650: -4059 -4031 72
-650: -4154 -4131 74
-650: -4248 -4231 76
-612: -4343 -4332 78
-600: -4438 -4432 80
-600: -4532 -4532 82
-600: -4627 -4582 83
-550: -4722 -4683 85
-550: -4816 -4783 87
-550: -4912 -4883 89
-500: -5006 -4983 91
-510: -5102 -5084 93
-500: -5196 -5184 95
-500: -5291 -5284 97
-510: -5386 -5385 99
-500: -5481 -5435 100
-450: -5580 -5535 102
-450: -5680 -5635 104
-450: -5779 -5736 106
-450: -5878 -5836 108
-450: -5977 -5936 110
-400: -6076 -6036 112
-408: -6175 -6137 114
-400: -6274 -6237 116
-400: -6374 -6337 118
-408: -6473 -6438 120
-400: -6572 -6538 122
-400: -6670 -6638 124
-350: -6769 -6738 126
-357: -6868 -6839 128
-350: -6967 -6939 130
-350: -7066 -7039 132
-350: -7165 -7139 134
-350: -7264 -7240 136
-350: -7363 -7340 138
-350: -7462 -7440 140
-350: -7561 -7540 142
-306: -7660 -7641 144
-300: -7759 -7741 146
-300: -7858 -7841 148
-306: -7957 -7942 150
-300: -8056 -8042 152
-300: -8156 -8142 154
-306: 8128 8140 156
-300: 8038 8040 158
-300: 7947 7990 159
-300: 7857 7889 161
-300: 7766 7789 163
-306: 7676 7688 165
-250: 7586 7588 167
-250: 7495 7538 168
-250: 7404 7437 170
-250: 7314 7337 172
-250: 7223 7236 174
-250: 7133 7135 176
-250: 7042 7085 177
-255: 6951 6984 179
-255: 6861 6883 181
-250: 6770 6783 183
-250: 6679 6682 185
-255: 6588 6631 186
-250: 6497 6531 188
-255: 6406 6429 190
-250: 6315 6329 192
-250: 6224 6228 194
-255: 6133 6177 195
-250: 6042 6077 197
-255: 5951 5975 199
-204: 5860 5874 201
-200: 5769 5774 203
-204: 5678 5723 204
-200: 5587 5622 206
-204: 5496 5521 208
-200: 5405 5420 210
-200: 5315 5319 212
-200: 5224 5269 213
-204: 5133 5167 215
-200: 5042 5067 217
-204: 4951 4965 219
-200: 4860 4865 221
-204: 4770 4814 222
-204: 4679 4713 224
-204: 4589 4612 226
-200: 4498 4512 228
-200: 4407 4411 230
-204: 4316 4360 231
-200: 4225 4260 233
-200: 4134 4159 235
-204: 4044 4058 237
-204: 3953 3957 239
-200: 3862 3907 240
-200: 3772 3807 242
-200: 3681 3706 244
-200: 3590 3605 246
-200: 3500 3505 248
-204: 3409 3454 249
-150: 3318 3354 251
-150: 3227 3253 253
-153: 3137 3152 255
-150: 3046 3052 257
-153: 2955 3001 258
-153: 2864 2900 260
-150: 2773 2800 262
-153: 2682 2699 264
-153: 2591 2598 266
-150: 2501 2548 267
-153: 2410 2447 269
-150: 2319 2347 271
-150: 2228 2246 273
-153: 2137 2145 275
-150: 2047 2095 276
-153: 1956 1994 278
-150: 1865 1894 280
-150: 1775 1793 282
-153: 1684 1692 284
-150: 1593 1642 285
-150: 1503 1541 287
-153: 1412 1440 289
-153: 1321 1339 291
-150: 1231 1239 293
-153: 1140 1188 294
-150: 1050 1088 296
-153: 959 987 298
-153: 877 886 300
-150: 795 836 301
-150: 713 736 303
-150: 631 635 305
-153: 550 584 306
-150: 468 484 308
-153: 386 433 309
-150: 304 333 311
-150: 223 233 313
-153: 141 182 314
-150: 59 82 316
-150: -12 32 317
-153: -90 -68 319
-150: -171 -168 321
-150: -262 -218 322
-153: -352 -319 324
-150: -442 -419 326
-150: -533 -519 328
-153: -624 -620 330
-150: -713 -670 331
-150: -803 -770 333
-100: -892 -870 335
-100: -982 -970 337
-100: -1072 -1070 339
-100: -1171 -1170 341
-100: -1270 -1270 343
-100: -1369 -1320 344
-100: -1468 -1420 346
-100: -1567 -1520 348
-100: -1666 -1620 350
-100: -1764 -1720 352
-100: -1864 -1820 354
-100: -1962 -1920 356
-100: -2061 -2020 358
-100: -2160 -2120 360
-100: -2258 -2220 362
-100: -2357 -2320 364
-100: -2456 -2420 366
-100: -2555 -2520 368
-100: -2653 -2620 370
-100: -2752 -2720 372
-100: -2851 -2820 374
-100: -2949 -2920 376
-100: -3048 -3019 378
-100: -3147 -3120 380
-98: -3246 -3219 382
-102: -3340 -3320 384
-98: -3439 -3419 386
-100: -3533 -3519 388
-98: -3632 -3619 390
-100: -3726 -3719 392
-100: -3825 -3819 394
-100: -3924 -3919 396
-100: -4022 -4019 398
-100: -4121 -4119 400
-100: -4220 -4219 402
-100: -4319 -4319 404
-100: -4418 -4369 405
-98: -4517 -4468 407
-102: -4612 -4569 409
-100: -4710 -4669 411
-100: -4809 -4768 413
-100: -4908 -4869 415
-98: -5006 -4968 417
-102: -5101 -5069 419
-100: -5199 -5169 421
-100: -5298 -5269 423
-100: -5397 -5369 425
-100: -5496 -5469 427
-100: -5595 -5569 429
-100: -5694 -5670 431
-100: -5793 -5770 433
-100: -5893 -5870 435
-100: -5992 -5970 437
-100: -6091 -6071 439
-100: -6190 -6171 441
-102: -6289 -6272 443
-100: -6389 -6372 445
-100: -6488 -6472 447
-100: -6588 -6573 449
-102: -6687 -6674 451
-100: -6786 -6774 453
-102: -6886 -6875 455
-100: -6985 -6975 457
-102: -7085 -7076 459
-100: -7184 -7176 461
-100: -7283 -7276 463
-100: -7382 -7377 465
-100: -7481 -7477 467
-102: -7581 -7578 469
-100: -7680 -7678 471
-102: -7779 -7779 473
-100: -7879 -7829 474
-100: -7977 -7929 476
-102: -8077 -8030 478
-100: -8176 -8130 480
32666: 8108 8153 482
-100: 8013 8052 484
-100: 7923 7952 486
-100: 7833 7852 488
-100: 7742 7751 490
-100: 7653 7701 491
-100: 7562 7601 493
-102: 7471 7500 495
-100: 7381 7400 497
-100: 7291 7300 499
-102: 7201 7249 500
-50: 7110 7149 502
-50: 7024 7049 504
-50: 6938 6948 506
-50: 6852 6898 507
-51: 6766 6797 509
-50: 6680 6697 511
-51: 6594 6596 513
-50: 6507 6546 514
-50: 6421 6445 516
-50: 6335 6345 518
-51: 6248 6294 519
-50: 6162 6194 521
-51: 6076 6093 523
-50: 5989 5993 525
-51: 5903 5942 526
-50: 5817 5842 528
-50: 5731 5741 530
-50: 5645 5691 531
-50: 5558 5590 533
-50: 5472 5489 535
-50: 5386 5389 537
-51: 5300 5338 538
-50: 5214 5237 540
-50: 5127 5137 542
-51: 5041 5086 543
-51: 4955 4985 545
-50: 4869 4885 547
-50: 4782 4784 549
-51: 4696 4733 550
-50: 4611 4633 552
-51: 4524 4532 554
-50: 4438 4482 555
-50: 4352 4382 557
-50: 4266 4281 559
-51: 4180 4180 561
-50: 4094 4130 562
-50: 4008 4030 564
-50: 3921 3929 566
-50: 3836 3879 567
-50: 3749 3779 569
-50: 3663 3679 571
-51: 3577 3578 573
-50: 3491 3528 574
-50: 3405 3428 576
-50: 3319 3328 578
-50: 3233 3278 579
-49: 3148 3178 581
-50: 3062 3078 583
-50: 2976 2977 585
-50: 2891 2927 586
-50: 2805 2827 588
-50: 2719 2727 590
-50: 2633 2677 591
-50: 2547 2577 593
-50: 2461 2477 595
-50: 2376 2377 597
-50: 2291 2327 598
-50: 2205 2226 600
-50: 2119 2126 602
-50: 2033 2076 603
-50: 1947 1976 605
-50: 1861 1876 607
-51: 1775 1775 609
-50: 1689 1725 610
-50: 1603 1625 612
-50: 1518 1525 614
-50: 1432 1475 615
-50: 1346 1375 617
-51: 1260 1274 619
-50: 1174 1224 620
-50: 1088 1124 622
-50: 1002 1024 624
-50: 916 923 626
-50: 839 873 627
-50: 761 773 629
-50: 684 723 630
-50: 607 623 632
-51: 530 572 633
-50: 453 472 635
-50: 376 422 636
-50: 299 322 638
-51: 221 271 639
-50: 144 171 641
-50: 67 71 643
-50: 0 21 644
-49: -64 -28 645
-50: -141 -128 647
-50: -227 -178 648
-50: -313 -279 650
-50: -399 -379 652
-50: -485 -479 654
-50: -571 -529 655
-50: -656 -629 657
-51: -743 -730 659
-50: -828 -780 660
-50: -914 -880 662
-51: -1000 -981 664
-50: -1090 -1081 666
-50: -1185 -1181 668
-50: -1280 -1231 669
-50: -1375 -1332 671
-50: -1470 -1432 673
-51: -1564 -1533 675
-50: -1659 -1633 677
-51: -1754 -1734 679
-50: -1849 -1834 681
-51: -1944 -1935 683
-50: -2039 -2035 685
-51: -2134 -2086 686
-50: -2229 -2186 688
-50: -2324 -2287 690
-50: -2419 -2387 692
-50: -2514 -2488 694
-50: -2609 -2589 696
-51: -2704 -2690 698
-51: -2800 -2791 700
-50: -2895 -2891 702
-51: -2990 -2942 703
-51: -3086 -3043 705
-50: -3181 -3143 707
-50: -3276 -3244 709
-50: -3372 -3345 711
-50: -3467 -3446 713
-50: -3563 -3547 715
-50: -3657 -3648 717
-51: -3753 -3749 719
-51: -3848 -3800 720
-50: -3943 -3900 722
-50: -4039 -4001 724
-50: -4134 -4102 726
-50: -4229 -4203 728
-50: -4325 -4304 730
-51: -4419 -4405 732
-51: -4515 -4506 734
-50: -4610 -4606 736
-51: -4705 -4657 737
-51: -4801 -4758 739
-51: -4895 -4859 741
-50: -4991 -4959 743
-50: -5086 -5060 745
-51: -5181 -5161 747
-51: -5276 -5262 749
-50: -5372 -5362 751
-50: -5466 -5463 753
-51: -5562 -5514 754
-50: -5657 -5614 756
-51: -5752 -5715 758
-50: -5848 -5816 760
-50: -5942 -5916 762
-50: -6038 -6017 764
-50: -6133 -6118 766
-51: -6229 -6219 768
-51: -6323 -6320 770
-50: -6418 -6370 771
-51: -6514 -6471 773
-51: -6609 -6572 775
-50: -6704 -6672 777
-50: -6800 -6773 779
-50: -6895 -6874 781
-51: -6990 -6975 783
-50: -7086 -7076 785
-51: -7181 -7177 787
-50: -7276 -7227 788
-51: -7372 -7329 790
-50: -7467 -7429 792
-51: -7563 -7531 794
-50: -7658 -7631 796
-50: -7753 -7732 798
-51: -7849 -7834 800
-50: -7944 -7934 802
-51: -8040 -8036 804
-50: -8135 -8086 805
-50: 8152 -8187 807
-50: 8061 8095 809
-50: 7974 7994 811
-50: 7887 7893 813
-51: 7801 7842 814
-50: 7715 7741 816
-51: 7629 7640 818
-51: 7542 7589 819
-51: 7455 7488 821
-51: 7369 7387 823
-50: 7282 7286 825
-51: 7196 7235 826
-50: 7109 7135 828
-51: 7022 7033 830
-50: 6936 6983 831
-50: 6850 6882 833
-51: 6763 6780 835
-50: 6677 6680 837
-51: 6590 6629 838
-50: 6504 6528 840
-51: 6418 6427 842
-50: 6331 6377 843
-50: 6244 6276 845
-50: 6158 6175 847
-51: 6071 6074 849
-50: 5985 6024 850
-50: 5899 5923 852
-51: 5812 5822 854
-50: 5726 5772 855
-50: 5640 5672 857
-50: 5553 5571 859
-50: 5467 5471 861
-50: 5381 5421 862
-50: 5295 5320 864
-50: 5209 5220 866
-50: 5124 5170 867
-50: 5037 5069 869
-50: 4951 4969 871
-50: 4866 4869 873
-51: 4780 4818 874
-50: 4694 4718 876
-50: 4608 4618 878
-51: 4522 4567 879
-50: 4437 4467 881
-50: 4351 4367 883
-50: 4265 4267 885
-50: 4179 4217 886
-50: 4093 4117 888
-50: 4007 4016 890
-50: 3921 3966 891
-50: 3835 3866 893
-50: 3750 3766 895
-50: 3664 3666 897
-50: 3577 3616 898
-50: 3491 3515 900
-50: 3406 3415 902
-50: 3320 3365 903
-50: 3234 3265 905
-50: 3149 3165 907
-51: 3062 3064 909
-50: 2976 3014 910
-50: 2890 2914 912
-50: 2804 2814 914
-51: 2718 2763 915
-50: 2632 2663 917
-50: 2546 2563 919
-50: 2460 2463 921
-50: 2375 2413 922
-51: 2289 2312 924
-50: 2204 2212 926
-50: 2119 2162 927
-51: 2033 2061 929
-50: 1947 1961 931
-50: 1861 1861 933
-50: 1774 1811 934
-50: 1689 1711 936
-51: 1602 1610 938
-50: 1516 1560 939
-50: 1430 1460 941
-50: 1345 1360 943
-50: 1259 1259 945
-50: 1173 1209 946
-50: 1086 1109 948
-51: 1001 1008 950
-50: 916 958 951
-50: 838 858 953
-50: 760 808 954
-50: 683 708 956
-51: 606 607 958
-50: 529 557 959
-50: 451 457 961
-51: 374 406 962
-50: 296 306 964
-51: 219 255 965
-50: 142 155 967
-50: 64 105 968
-50: -8 4 970
-49: -71 -45 971
-51: -149 -146 973
-50: -236 -196 974
-50: -321 -297 976
-50: -408 -397 978
-51: -494 -448 979
-51: -580 -549 981
-50: -667 -649 983
-50: -753 -750 985
-51: -839 -801 986
-50: -926 -901 988
-50: -1012 -1002 990
-50: -1107 -1103 992
-50: -1203 -1153 993
-50: -1298 -1254 995
-50: -1393 -1355 997
-51: -1489 -1456 999
-25000: -1584 -1557 2
-12750: -1684 -1658 4
-8300: -1784 -1759 6
-6375: -1879 -1860 8
-5100: -1975 -1961 10
-4150: -2074 -2062 12
-3621: -2173 -2163 14
-3100: -2274 -2264 16
-2750: -2374 -2365 18
-2500: -2473 -2466 20
-2250: -2573 -2567 22
-2050: -2673 -2668 24
-1900: -2772 -2769 26
-1750: -2872 -2870 28
-1683: -2972 -2971 30
-1632: -3072 -3022 31
-1500: -3172 -3122 33
-1428: -3272 -3224 35
-1350: -3371 -3324 37
-1250: -3471 -3425 39
-1200: -3571 -3526 41
-1150: -3670 -3627 43
-1122: -3770 -3728 45
-1050: -3870 -3829 47
-1020: -3969 -3930 49
-969: -4069 -4031 51
-900: -4164 -4131 53
-900: -4260 -4232 55
-850: -4355 -4333 57
-816: -4450 -4434 59
-816: -4545 -4535 61
-750: -4640 -4635 63
-765: -4736 -4686 64
-750: -4831 -4787 66
-714: -4927 -4888 68
-714: -5022 -4989 70
-663: -5117 -5090 72
-663: -5212 -5191 74
-663: -5308 -5292 76
-600: -5403 -5392 78
-612: -5498 -5494 80
-600: -5593 -5544 81
-600: -5689 -5645 83
-550: -5785 -5746 85
-550: -5879 -5847 87
-550: -5975 -5948 89
-510: -6071 -6050 91
-500: -6166 -6150 93
-510: -6262 -6252 95
-510: -6358 -6353 97
-500: -6453 -6403 98
-510: -6549 -6505 100
-459: -6649 -6606 102
-459: -6749 -6707 104
-459: -6849 -6808 106
-459: -6949 -6909 108
-459: -7049 -7010 110
-400: -7148 -7111 112
-408: -7248 -7212 114
-400: -7348 -7313 116
-400: -7448 -7414 118
-408: -7549 -7516 120
-408: -7648 -7617 122
-408: -7748 -7718 124
-357: -7848 -7819 126
-357: -7948 -7920 128
-357: -8048 -8021 130
-350: -8148 -8122 132
-16748: 8136 8160 134
-350: 8036 8059 136
-357: 7945 7958 138
-357: 7854 7857 140
-350: 7763 7807 141
-300: 7673 7706 143
-306: 7581 7605 145
-300: 7491 7504 147
-300: 7400 7404 149
-306: 7309 7353 150
-300: 7219 7252 152
-300: 7128 7152 154
-300: 7037 7051 156
-306: 6947 6950 158
-300: 6856 6900 159
-306: 6766 6799 161
-300: 6676 6699 163
-306: 6585 6598 165
-250: 6494 6498 167
-250: 6405 6448 168
-250: 6314 6348 170
-250: 6224 6247 172
-250: 6134 6147 174
-250: 6043 6047 176
-250: 5953 5997 177
-255: 5862 5896 179
-250: 5772 5796 181
-250: 5682 5696 183
-255: 5591 5595 185
-250: 5501 5545 186
-250: 5411 5445 188
-255: 5320 5344 190
-250: 5230 5244 192
-250: 5140 5144 194
-250: 5049 5094 195
-250: 4959 4994 197
-250: 4869 4894 199
-200: 4778 4793 201
-200: 4688 4693 203
-200: 4598 4643 204
-200: 4508 4543 206
-200: 4418 4443 208
-204: 4327 4342 210
-200: 4237 4242 212
-200: 4147 4192 213
-200: 4057 4092 215
-200: 3967 3992 217
-204: 3877 3891 219
-200: 3786 3791 221
-200: 3696 3741 222
-200: 3605 3641 224
-200: 3515 3540 226
-200: 3425 3440 228
-204: 3334 3339 230
-200: 3244 3289 231
-200: 3154 3189 233
-200: 3063 3089 235
-200: 2973 2988 237
-200: 2883 2888 239
-200: 2792 2838 240
-200: 2703 2738 242
-204: 2612 2637 244
-200: 2522 2537 246
-200: 2432 2437 248
-200: 2341 2387 249
-150: 2251 2286 251
-150: 2161 2186 253
-153: 2070 2085 255
-150: 1980 1985 257
-150: 1889 1935 258
-153: 1799 1834 260
-150: 1708 1734 262
-150: 1618 1634 264
-150: 1527 1533 266
-150: 1437 1483 267
-150: 1346 1383 269
-150: 1255 1282 271
-150: 1165 1181 273
-153: 1074 1080 275
-150: 984 1030 276
-150: 898 930 278
-150: 816 829 280
-153: 734 778 281
-150: 652 678 283
-153: 570 577 285
-150: 487 527 286
-150: 406 426 288
-153: 323 325 290
-150: 241 275 291
-150: 159 174 293
-150: 77 124 294
-150: 0 23 296
-150: -68 -27 297
-150: -151 -127 299
-150: -242 -228 301
-150: -332 -329 303
-150: -424 -379 304
-153: -515 -481 306
-150: -605 -581 308
-150: -696 -682 310
-150: -787 -783 312
-150: -878 -833 313
-153: -969 -935 315
-150: -1060 -1035 317
-150: -1160 -1136 319
-150: -1260 -1237 321
-150: -1359 -1338 323
-153: -1459 -1439 325
-153: -1558 -1540 327
-153: -1658 -1641 329
-153: -1758 -1742 331
-150: -1857 -1842 333
-100: -1958 -1943 335
-100: -2057 -2044 337
-100: -2156 -2144 339
-102: -2256 -2246 341
-100: -2355 -2346 343
-102: -2456 -2447 345
-100: -2555 -2547 347
-102: -2654 -2648 349
-102: -2754 -2749 351
-100: -2852 -2849 353
-102: -2952 -2950 355
-100: -3051 -3050 357
-100: -3150 -3100 358
-100: -3250 -3201 360
-102: -3349 -3302 362
-100: -3449 -3402 364
-100: -3548 -3503 366
-100: -3647 -3603 368
-100: -3747 -3704 370
-100: -3846 -3805 372
-102: -3946 -3906 374
-102: -4046 -4007 376
-100: -4146 -4107 378
-102: -4245 -4208 380
-102: -4345 -4309 382
-100: -4445 -4409 384
-100: -4545 -4510 386
-102: -4644 -4611 388
-102: -4744 -4712 390
-100: -4844 -4812 392
-102: -4944 -4913 394
-100: -5044 -5014 396
-100: -5143 -5114 398
-100: -5243 -5215 400
-100: -5342 -5316 402
-102: -5442 -5417 404
-102: -5541 -5518 406
-100: -5641 -5618 408
-100: -5741 -5719 410
-100: -5840 -5820 412
-100: -5940 -5920 414
-100: -6039 -6021 416
-100: -6139 -6122 418
-102: -6238 -6223 420
-100: -6337 -6323 422
-100: -6437 -6423 424
-100: -6536 -6524 426
-102: -6635 -6625 428
-100: -6735 -6725 430
-100: -6834 -6826 432
-100: -6933 -6926 434
-102: -7033 -7027 436
-100: -7131 -7127 438
-100: -7231 -7227 440
-100: -7330 -7327 442
-100: -7429 -7427 444
-100: -7528 -7528 446
-100: -7627 -7578 447
-100: -7726 -7678 449
-100: -7825 -7778 451
-100: -7924 -7878 453
-100: -8023 -7978 455
-100: -8121 -8078 457
-100: 8163 -8178 459
-100: 8068 8105 461
-100: 7979 8005 463
-100: 7888 7905 465
-98: 7797 7805 467
-100: 7711 7755 468
-102: 7620 7654 470
-100: 7530 7554 472
-100: 7441 7454 474
-100: 7351 7354 476
-100: 7261 7304 477
-100: 7172 7204 479
-100: 7082 7104 481
-100: 6992 7004 483
-100: 6901 6904 485
-100: 6811 6854 486
-100: 6721 6754 488
-100: 6631 6654 490
-100: 6541 6554 492
-100: 6452 6454 494
-100: 6361 6404 495
-100: 6271 6304 497
-100: 6181 6204 499
-50: 6091 6104 501
-50: 6006 6054 502
-50: 5920 5954 504
-50: 5834 5854 506
-49: 5748 5755 508
-50: 5663 5705 509
-50: 5578 5604 511
-50: 5492 5505 513
-50: 5406 5455 514
-50: 5320 5355 516
-50: 5235 5255 518
-50: 5149 5155 520
-50: 5063 5105 521
-49: 4978 5006 523
-51: 4893 4905 525
-50: 4807 4855 526
-50: 4721 4756 528
-50: 4635 4656 530
-50: 4550 4556 532
-50: 4464 4506 533
-51: 4378 4405 535
-50: 4293 4305 537
-49: 4207 4256 538
-50: 4121 4155 540
-50: 4036 4055 542
-50: 3950 3955 544
-50: 3864 3905 545
-50: 3778 3804 547
-51: 3692 3704 549
-50: 3606 3654 550
-50: 3520 3554 552
-50: 3434 3454 554
-50: 3348 3353 556
-50: 3262 3303 557
-50: 3176 3203 559
-50: 3090 3102 561
-50: 3004 3052 562
-50: 2918 2952 564
-50: 2832 2851 566
-50: 2747 2751 568
-50: 2660 2701 569
-50: 2574 2600 571
-50: 2488 2500 573
-51: 2402 2449 574
-50: 2316 2349 576
-50: 2231 2249 578
-50: 2145 2148 580
-50: 2059 2098 581
-50: 1974 1998 583
-51: 1888 1897 585
-50: 1802 1847 586
-50: 1717 1747 588
-51: 1630 1646 590
-50: 1544 1546 592
-50: 1458 1496 593
-50: 1372 1396 595
-50: 1286 1296 597
-50: 1200 1246 598
-50: 1114 1145 600
-50: 1028 1045 602
-50: 943 945 604
-50: 866 895 605
-50: 789 794 607
-49: 712 745 608
-50: 635 644 610
-50: 558 594 611
-50: 482 494 613
-51: 404 443 614
-50: 327 343 616
-50: 250 293 617
-51: 172 192 619
-50: 94 142 620
-50: 21 42 622
-49: -46 -7 623
-50: -119 -108 625
-50: -205 -158 626
-50: -290 -259 628
-50: -377 -359 630
-50: -462 -460 632
-50: -548 -510 633
-51: -635 -611 635
-50: -721 -711 637
-50: -807 -761 638
-51: -894 -862 640
-50: -980 -962 642
-51: -1066 -1063 644
-50: -1161 -1113 645
-51: -1256 -1214 647
-50: -1350 -1314 649
-50: -1445 -1415 651
-50: -1540 -1515 653
-51: -1635 -1616 655
-50: -1730 -1716 657
-51: -1825 -1817 659
-50: -1920 -1917 661
-50: -2015 -1967 662
-50: -2109 -2067 664
-50: -2204 -2168 666
-50: -2299 -2268 668
-50: -2394 -2368 670
-50: -2489 -2469 672
-51: -2583 -2569 674
-50: -2678 -2669 676
-50: -2772 -2769 678
-50: -2866 -2819 679
-50: -2961 -2919 681
-50: -3055 -3019 683
-50: -3150 -3119 685
-50: -3243 -3219 687
-50: -3338 -3319 689
-50: -3432 -3419 691
-50: -3526 -3519 693
-50: -3621 -3619 695
-50: -3716 -3669 696
-50: -3810 -3769 698
-50: -3905 -3869 700
-50: -3999 -3969 702
-50: -4094 -4068 704
-50: -4188 -4169 706
-50: -4282 -4268 708
-50: -4376 -4368 710
-49: -4470 -4468 712
-50: -4564 -4518 713
-50: -4659 -4618 715
-50: -4754 -4718 717
-50: -4848 -4818 719
-50: -4943 -4918 721
-50: -5036 -5018 723
-50: -5131 -5118 725
-50: -5226 -5218 727
-50: -5320 -5318 729
-50: -5415 -5368 730
-50: -5508 -5468 732
-50: -5603 -5568 734
-50: -5698 -5668 736
-49: -5792 -5767 738
-51: -5887 -5868 740
-50: -5981 -5967 742
-50: -6075 -6067 744
-50: -6170 -6167 746
-50: -6264 -6217 747
-50: -6358 -6317 749
-50: -6453 -6417 751
-49: -6547 -6516 753
-51: -6642 -6617 755
-49: -6736 -6716 757
-50: -6831 -6816 759
-50: -6926 -6916 761
-50: -7020 -7016 763
-50: -7115 -7066 764
-50: -7210 -7166 766
-50: -7304 -7266 768
-50: -7399 -7366 770
-49: -7493 -7466 772
-50: -7588 -7566 774
-50: -7683 -7667 776
-50: -7776 -7767 778
-50: -7871 -7867 780
-51: -7966 -7918 781
-50: -8061 -8017 783
-50: -8156 -8118 785
16333: 8133 8165 787
-50: 8038 8065 789
-50: 7952 7964 791
-50: 7866 7914 792
-50: 7780 7814 794
-50: 7693 7713 796
-50: 7607 7613 798
-50: 7521 7563 799
-50: 7434 7462 801
-50: 7349 7362 803
-50: 7262 7312 804
-50: 7176 7211 806
-50: 7090 7111 808
-51: 7004 7010 810
-50: 6918 6960 811
-50: 6832 6860 813
-51: 6745 6759 815
-50: 6659 6709 816
-50: 6573 6609 818
-51: 6487 6508 820
-50: 6402 6408 822
-50: 6317 6358 823
-50: 6231 6258 825
-50: 6145 6157 827
-50: 6059 6107 828
-50: 5972 6007 830
-50: 5886 5907 832
-51: 5800 5806 834
-50: 5714 5756 835
-50: 5628 5656 837
-51: 5542 5555 839
-50: 5457 5505 840
-50: 5371 5405 842
-51: 5284 5304 844
-50: 5198 5204 846
-50: 5112 5154 847
-51: 5026 5053 849
-51: 4940 4952 851
-50: 4855 4902 852
-50: 4768 4802 854
-50: 4682 4701 856
-50: 4596 4601 858
-50: 4509 4551 859
-50: 4423 4450 861
-51: 4338 4349 863
-50: 4251 4299 864
-51: 4165 4198 866
-50: 4079 4098 868
-51: 3992 3997 870
-50: 3906 3947 871
-50: 3820 3846 873
-51: 3734 3745 875
-50: 3647 3695 876
-50: 3561 3595 878
-50: 3475 3494 880
-50: 3389 3393 882
-50: 3302 3343 883
-51: 3216 3242 885
-50: 3130 3142 887
-50: 3044 3092 888
-50: 2958 2991 890
-50: 2872 2890 892
-50: 2785 2790 894
-51: 2699 2739 895
-50: 2613 2639 897
-50: 2528 2539 899
-51: 2442 2488 900
-50: 2356 2388 902
-50: 2270 2288 904
-51: 2184 2187 906
-50: 2099 2137 907
-50: 2012 2037 909
-50: 1926 1937 911
-50: 1841 1887 912
-50: 1755 1787 914
-50: 1670 1687 916
-50: 1584 1587 918
-50: 1498 1537 919
-50: 1412 1437 921
-50: 1327 1337 923
-50: 1241 1287 924
-50: 1155 1187 926
-50: 1070 1087 928
-50: 984 987 930
-50: 907 937 931
-50: 830 837 933
-50: 753 787 934
-50: 676 687 936
-50: 599 637 937
-50: 522 537 939
-50: 445 487 940
-50: 368 387 942
-50: 292 337 943
-50: 214 237 945
-50: 137 187 946
-50: 60 87 948
-50: -7 37 949
-50: -76 -62 951
-50: -152 -112 952
-50: -238 -212 954
-50: -323 -312 956
-50: -409 -362 957
-50: -495 -462 959
-50: -580 -562 961
-50: -665 -662 963
-50: -751 -712 964
-50: -837 -812 966
-50: -922 -912 968
-50: -1008 -962 969
-50: -1098 -1062 971
-50: -1192 -1162 973
-50: -1287 -1262 975
-50: -1381 -1362 977
-50: -1475 -1462 979
-50: -1570 -1562 981
-50: -1664 -1662 983
-50: -1759 -1712 984
-50: -1853 -1812 986
-49: -1947 -1911 988
-51: -2042 -2012 990
-49: -2136 -2111 992
-50: -2230 -2211 994
-50: -2325 -2311 996
-50: -2418 -2411 998
-50: -2513 -2511 1
-25000: -2599 -2561 2
-12500: -2697 -2661 4
-8300: -2797 -2761 6
-6250: -2891 -2861 8
-5000: -2985 -2961 10
-4150: -3084 -3062 12
-3550: -3183 -3162 14
-3100: -3282 -3262 16
-2750: -3381 -3362 18
-2500: -3480 -3462 20
-2250: -3580 -3563 22
-2050: -3678 -3663 24
-1900: -3778 -3763 26
-1715: -3877 -3863 28
-1683: -3976 -3964 30
-1550: -4075 -4064 32
-1450: -4175 -4164 34
-1350: -4274 -4265 36
-1300: -4373 -4365 38
-1275: -4472 -4466 40
-1150: -4572 -4566 42
-1100: -4671 -4667 44
-1050: -4771 -4767 46
-1000: -4869 -4868 48
-1000: -4968 -4968 50
-950: -5068 -5018 51
-900: -5163 -5119 53
-900: -5258 -5219 55
-867: -5353 -5320 57
-800: -5447 -5420 59
-800: -5542 -5520 61
-750: -5637 -5621 63
-750: -5731 -5721 65
-700: -5826 -5821 67
-700: -5921 -5871 68
-714: -6016 -5972 70
-650: -6111 -6072 72
-650: -6206 -6172 74
-650: -6301 -6273 76
-600: -6396 -6373 78
-612: -6490 -6474 80
-600: -6585 -6574 82
-550: -6680 -6674 84
-561: -6774 -6725 85
-550: -6869 -6825 87
-561: -6964 -6926 89
-500: -7059 -7026 91
-500: -7154 -7127 93
-500: -7249 -7227 95
-500: -7344 -7328 97
-500: -7439 -7428 99
-459: -7534 -7529 101
-450: -7634 -7629 103
-459: -7733 -7730 105
-450: -7833 -7830 107
-450: -7932 -7931 109
-450: -8031 -7981 110
-408: -8131 -8082 112
-400: 8153 -8182 114
-408: 8057 8100 116
-400: 7967 8000 118
-408: 7876 7899 120
-408: 7786 7798 122
-400: 7696 7698 124
-400: 7605 7648 125
-350: 7514 7547 127
-350: 7424 7447 129
-350: 7333 7346 131
-357: 7242 7245 133
-350: 7152 7195 134
-350: 7061 7095 136
-350: 6971 6994 138
-350: 6881 6894 140
-357: 6790 6793 142
-300: 6700 6743 143
-306: 6609 6643 145
-300: 6519 6543 147
-300: 6429 6443 149
-306: 6338 6342 151
-300: 6248 6292 152
-300: 6158 6192 154
-300: 6067 6092 156
-300: 5978 5992 158
-300: 5888 5892 160
-300: 5797 5842 161
-294: 5708 5742 163
-300: 5617 5642 165
-250: 5527 5541 167
-245: 5438 5442 169
-255: 5347 5391 170
-250: 5257 5291 172
-250: 5168 5191 174
-250: 5077 5091 176
-250: 4987 4991 178
-250: 4897 4941 179
-250: 4807 4841 181
-250: 4717 4741 183
-250: 4628 4641 185
-250: 4537 4541 187
-250: 4447 4491 188
-250: 4357 4391 190
-250: 4267 4291 192
-250: 4177 4191 194
-250: 4087 4091 196
-250: 3997 4041 197
-250: 3907 3941 199
-200: 3817 3841 201
-196: 3727 3741 203
-200: 3637 3641 205
-204: 3547 3590 206
-200: 3457 3490 208
-200: 3366 3391 210
-200: 3276 3290 212
-196: 3186 3191 214
-200: 3096 3141 215
-200: 3007 3041 217
-200: 2917 2941 219
-200: 2828 2841 221
-200: 2738 2741 223
-200: 2648 2691 224
-200: 2557 2591 226
-200: 2468 2491 228
-200: 2378 2391 230
-200: 2288 2291 232
-200: 2198 2241 233
-200: 2108 2142 235
-200: 2018 2041 237
-196: 1928 1942 239
-204: 1837 1841 241
-200: 1748 1791 242
-200: 1658 1691 244
-200: 1567 1591 246
-200: 1477 1491 248
-200: 1387 1391 250
-153: 1296 1340 251
-150: 1207 1240 253
-153: 1116 1140 255
-150: 1026 1040 257
-150: 936 940 259
-153: 854 889 260
-150: 773 789 262
-150: 692 739 263
-153: 611 638 265
-150: 529 538 267
-150: 448 488 268
-153: 367 387 270
-153: 285 286 272
-150: 203 236 273
-150: 121 136 275
-153: 39 85 276
-147: -32 -14 278
-150: -114 -64 279
-150: -200 -165 281
-153: -291 -266 283
-150: -381 -366 285
-150: -472 -467 287
-150: -562 -517 288
-153: -653 -618 290
-150: -744 -718 292
-150: -834 -819 294
-150: -925 -919 296
-153: -1015 -970 297
-150: -1110 -1070 299
-153: -1209 -1171 301
-150: -1309 -1271 303
-150: -1408 -1371 305
-150: -1507 -1472 307
-150: -1606 -1572 309
-153: -1705 -1673 311
-150: -1804 -1773 313
-150: -1903 -1873 315
-150: -2003 -1974 317
-150: -2101 -2074 319
-153: -2201 -2175 321
-150: -2300 -2275 323
-150: -2399 -2375 325
-150: -2499 -2476 327
-150: -2597 -2576 329
-150: -2697 -2677 331
-150: -2796 -2777 333
-102: -2895 -2878 335
-102: -2995 -2979 337
-100: -3094 -3079 339
-102: -3194 -3180 341
-100: -3293 -3280 343
-102: -3392 -3381 345
-100: -3492 -3481 347
-100: -3591 -3582 349
-102: -3691 -3683 351
-100: -3790 -3783 353
-102: -3890 -3884 355
-102: -3989 -3985 357
-100: -4088 -4085 359
-102: -4188 -4186 361
-100: -4287 -4286 363
-102: -4387 -4337 364
-102: -4487 -4438 366
-100: -4586 -4538 368
-102: -4686 -4639 370
-102: -4786 -4740 372
-100: -4885 -4840 374
-100: -4985 -4941 376
-102: -5084 -5042 378
-100: -5184 -5142 380
-100: -5283 -5243 382
-100: -5382 -5343 384
-102: -5482 -5444 386
-100: -5581 -5544 388
-100: -5680 -5644 390
-100: -5779 -5745 392
-100: -5878 -5845 394
-100: -5977 -5945 396
-100: -6076 -6046 398
-102: -6175 -6146 400
-100: -6274 -6246 402
-100: -6373 -6346 404
-100: -6473 -6446 406
-100: -6571 -6546 408
-100: -6670 -6646 410
-100: -6769 -6747 412
-100: -6868 -6846 414
-102: -6966 -6947 416
-100: -7065 -7047 418
-100: -7164 -7147 420
-100: -7263 -7247 422
-100: -7361 -7347 424
-100: -7461 -7447 426
-100: -7559 -7547 428
-100: -7658 -7647 430
-100: -7757 -7747 432
-100: -7855 -7847 434
-100: -7954 -7947 436
-100: -8053 -8047 438
-100: -8152 -8147 440
-100: 8132 8136 442
-100: 8042 8086 443
-100: 7952 7986 445
-100: 7862 7886 447
-100: 7773 7786 449
-100: 7682 7686 451
-102: 7593 7635 452
-98: 7503 7536 454
-102: 7417 7435 456
-100: 7327 7335 458
-98: 7237 7286 459
-100: 7151 7186 461
-98: 7061 7086 463
-100: 6976 6986 465
-100: 6885 6886 467
-100: 6796 6836 468
-100: 6705 6736 470
-100: 6615 6636 472
-100: 6525 6536 474
-100: 6435 6436 476
-100: 6346 6386 477
-100: 6256 6286 479
-100: 6166 6186 481
-100: 6076 6086 483
-100: 5986 5986 485
-100: 5895 5936 486
-100: 5806 5836 488
-100: 5715 5736 490
-100: 5625 5636 492
-100: 5535 5536 494
-100: 5445 5486 495
-100: 5354 5385 497
-100: 5264 5285 499
-50: 5174 5185 501
-50: 5088 5135 502
-50: 5002 5035 504
-50: 4915 4934 506
-50: 4829 4834 508
-50: 4743 4784 509
-50: 4656 4683 511
-51: 4571 4582 513
-50: 4485 4532 514
-50: 4398 4432 516
-50: 4312 4331 518
-50: 4226 4231 520
-51: 4140 4180 521
-50: 4054 4080 523
-51: 3968 3979 525
-50: 3881 3929 526
-51: 3795 3828 528
-50: 3710 3728 530
-51: 3624 3627 532
-50: 3537 3577 533
-50: 3451 3477 535
-50: 3365 3376 537
-50: 3279 3326 538
-50: 3193 3226 540
-50: 3108 3125 542
-50: 3022 3025 544
-50: 2936 2975 545
-50: 2850 2874 547
-50: 2765 2774 549
-50: 2678 2724 550
-50: 2592 2623 552
-50: 2506 2523 554
-51: 2420 2422 556
-50: 2334 2372 557
-50: 2248 2272 559
-50: 2161 2171 561
-50: 2075 2121 562
-50: 1990 2021 564
-51: 1904 1920 566
-50: 1818 1820 568
-50: 1733 1770 569
-50: 1646 1669 571
-51: 1561 1568 573
-50: 1475 1518 574
-51: 1388 1417 576
-50: 1302 1317 578
-50: 1216 1217 580
-51: 1129 1166 581
-51: 1044 1065 583
-50: 957 965 585
-50: 880 915 586
-50: 803 814 588
-50: 725 764 589
-50: 648 663 591
-51: 570 612 592
-50: 493 512 594
-50: 415 462 595
-50: 338 361 597
-51: 261 310 598
-50: 183 210 600
-50: 105 109 602
-50: 28 59 603
-51: -39 8 604
-51: -108 -92 606
-50: -190 -142 607
-50: -276 -242 609
-50: -363 -343 611
-50: -449 -444 613
-50: -535 -494 614
-50: -622 -595 616
-50: -708 -696 618
-50: -794 -746 619
-51: -880 -847 621
-51: -966 -948 623
-50: -1052 -1048 625
-51: -1148 -1099 626
-50: -1243 -1199 628
-50: -1338 -1299 630
-50: -1433 -1400 632
-50: -1528 -1500 634
-51: -1623 -1601 636
-50: -1717 -1701 638
-50: -1812 -1801 640
-50: -1907 -1901 642
-50: -2001 -1951 643
-50: -2096 -2051 645
-50: -2191 -2152 647
-50: -2285 -2252 649
-50: -2380 -2352 651
-50: -2474 -2452 653
-50: -2569 -2552 655
-50: -2664 -2652 657
-50: -2758 -2752 659
-50: -2853 -2852 661
-50: -2946 -2902 662
-50: -3041 -3002 664
-50: -3136 -3102 666
-50: -3230 -3202 668
-50: -3324 -3302 670
-50: -3418 -3402 672
-50: -3512 -3502 674
-50: -3607 -3602 676
-50: -3701 -3652 677
-50: -3795 -3752 679
-50: -3890 -3852 681
-50: -3984 -3952 683
-50: -4079 -4052 685
-50: -4173 -4152 687
-50: -4267 -4252 689
-50: -4362 -4352 691
-50: -4456 -4452 693
-50: -4550 -4502 694
-50: -4645 -4602 696
-50: -4739 -4702 698
-50: -4834 -4802 700
-50: -4928 -4902 702
-50: -5023 -5002 704
-50: -5118 -5102 706
-50: -5212 -5202 708
-50: -5306 -5301 710
-51: -5400 -5352 711
-49: -5495 -5451 713
-50: -5589 -5551 715
-50: -5683 -5651 717
-50: -5778 -5751 719
-50: -5873 -5851 721
-50: -5967 -5951 723
-50: -6062 -6051 725
-50: -6156 -6151 727
-50: -6250 -6201 728
-50: -6345 -6301 730
-50: -6439 -6401 732
-50: -6534 -6501 734
-50: -6629 -6601 736
-50: -6723 -6701 738
-50: -6817 -6801 740
-50: -6912 -6902 742
-50: -7006 -7002 744
-50: -7101 -7052 745
-50: -7196 -7152 747
-50: -7290 -7252 749
-50: -7385 -7353 751
-50: -7479 -7453 753
-50: -7574 -7553 755
-50: -7669 -7654 757
-50: -7764 -7754 759
-50: -7859 -7855 761
-50: -7954 -7905 762
-51: -8049 -8006 764
-50: -8144 -8106 766
16333: 8144 8176 768
-50: 8049 8076 770
-50: 7962 7975 772
-50: 7876 7925 773
-51: 7790 7824 775
-50: 7703 7724 777
-50: 7618 7623 779
-50: 7532 7573 780
-51: 7446 7472 782
-50: 7360 7372 784
-50: 7274 7322 785
-50: 7188 7221 787
-50: 7102 7121 789
-51: 7015 7020 791
-50: 6929 6970 792
-50: 6844 6870 794
-51: 6758 6769 796
-50: 6672 6719 797
-50: 6587 6619 799
-51: 6501 6518 801
-50: 6415 6418 803
-50: 6330 6368 804
-51: 6244 6267 806
-50: 6159 6167 808
-50: 6073 6117 809
-51: 5987 6016 811
-50: 5902 5916 813
-50: 5815 5816 815
-51: 5729 5765 816
-50: 5643 5665 818
-51: 5557 5564 820
-50: 5471 5514 821
-50: 5385 5413 823
-50: 5299 5313 825
-51: 5213 5262 826
-50: 5127 5162 828
-51: 5041 5061 830
-51: 4954 4960 832
-50: 4868 4910 833
-50: 4782 4810 835
-50: 4695 4709 837
-50: 4609 4659 838
-50: 4522 4558 840
-51: 4436 4457 842
-50: 4350 4357 844
-51: 4263 4306 845
-51: 4177 4205 847
-50: 4091 4105 849
-50: 4004 4055 850
-50: 3918 3954 852
-50: 3832 3853 854
-51: 3745 3752 856
-50: 3658 3702 857
-50: 3573 3602 859
-50: 3486 3501 861
-50: 3400 3400 863
-50: 3314 3350 864
-51: 3227 3249 866
-50: 3141 3149 868
-50: 3055 3099 869
-50: 2969 2998 871
-51: 2883 2897 873
-50: 2797 2797 875
-50: 2711 2747 876
-50: 2625 2646 878
-50: 2539 2546 880
-50: 2453 2496 881
-50: 2367 2395 883
-50: 2282 2295 885
-50: 2195 2245 886
-50: 2109 2145 888
-50: 2023 2045 890
-50: 1937 1944 892
-50: 1852 1894 893
-50: 1766 1794 895
-50: 1680 1694 897
-50: 1594 1594 899
-50: 1508 1544 900
-50: 1422 1444 902
-50: 1337 1344 904
-50: 1251 1294 905
-50: 1165 1194 907
-50: 1079 1094 909
-50: 993 994 911
-50: 916 944 912
-50: 839 844 914
-50: 762 794 915
-50: 685 693 917
-50: 608 643 918
-50: 531 544 920
-51: 454 493 921
-50: 377 393 923
-50: 300 343 924
-50: 223 243 926
-50: 146 193 927
-50: 69 93 929
-50: 1 43 930
-50: -62 -56 932
-50: -139 -106 933
-51: -224 -206 935
-50: -310 -306 937
-50: -395 -356 938
-50: -481 -456 940
-50: -567 -556 942
-50: -652 -606 943
-50: -738 -706 945
-50: -824 -806 947
-50: -909 -906 949
-50: -995 -956 950
-50: -1081 -1056 952
-50: -1174 -1156 954
-50: -1269 -1256 956
-50: -1363 -1356 958
-50: -1458 -1456 960
-50: -1552 -1506 961
-50: -1647 -1606 963
-50: -1741 -1705 965
-50: -1835 -1806 967
-49: -1929 -1905 969
-51: -2024 -2006 971
-50: -2118 -2106 973
-50: -2213 -2206 975
-50: -2308 -2306 977
-50: -2402 -2356 978
-50: -2497 -2456 980
-50: -2592 -2557 982
-50: -2686 -2657 984
-50: -2781 -2757 986
-50: -2876 -2858 988
-50: -2971 -2958 990
-51: -3066 -3059 992
-50: -3160 -3159 994
-50: -3256 -3209 995
-51: -3351 -3310 997
-50: -3445 -3410 999
-25500: -3540 -3511 2
-12500: -3639 -3611 4
-8466: -3739 -3712 6
-6375: -3834 -3813 8
-5000: -3929 -3913 10
-4233: -4029 -4014 12
-3621: -4128 -4115 14
-3100: -4228 -4215 16
-2750: -4328 -4316 18
-2550: -4426 -4417 20
-2295: -4526 -4518 22
-2050: -4626 -4618 24
-1900: -4726 -4719 26
-1750: -4825 -4820 28
-1650: -4925 -4920 30
-1550: -5024 -5021 32
-1450: -5124 -5122 34
-1377: -5223 -5223 36
-1350: -5323 -5273 37
-1250: -5422 -5374 39
-1200: -5522 -5474 41
-1150: -5621 -5575 43
-1122: -5720 -5676 45
-1071: -5820 -5777 47
-1000: -5920 -5877 49
-969: -6019 -5978 51
-918: -6114 -6079 53
-900: -6209 -6179 55
-867: -6304 -6280 57
-800: -6399 -6380 59
-816: -6494 -6481 61
-765: -6589 -6582 63
-750: -6684 -6682 65
-750: -6779 -6732 66
-700: -6874 -6833 68
-714: -6969 -6934 70
-663: -7065 -7035 72
-650: -7159 -7135 74
-663: -7254 -7236 76
-612: -7349 -7337 78
-600: -7443 -7437 80
-612: -7538 -7488 81
-612: -7633 -7589 83
-550: -7728 -7689 85
-550: -7824 -7790 87
-550: -7919 -7891 89
-510: -8014 -7992 91
-500: -8110 -8093 93
32248: 8178 8189 95
-510: 8087 8088 97
-500: 8001 8038 98
-500: 7916 7937 100
-459: 7825 7836 102
-459: 7734 7735 104
-450: 7643 7685 105
-450: 7552 7584 107
-450: 7461 7483 109
-459: 7370 7382 111
-400: 7279 7281 113
-400: 7188 7231 114
-400: 7098 7130 116
-400: 7007 7029 118
-408: 6917 6928 120
-408: 6826 6827 122
-400: 6735 6777 123
-400: 6645 6676 125
-357: 6554 6575 127
-357: 6463 6474 129
-350: 6373 6374 131
-357: 6282 6323 132
-350: 6191 6223 134
-357: 6100 6122 136
-357: 6010 6021 138
-350: 5920 5921 140
-350: 5829 5871 141
-306: 5739 5770 143
-300: 5648 5670 145
-300: 5557 5570 147
-300: 5467 5470 149
-300: 5377 5420 150
-306: 5286 5319 152
-300: 5196 5219 154
-300: 5106 5119 156
-300: 5016 5019 158
-300: 4926 4969 159
-300: 4835 4869 161
-306: 4745 4768 163
-300: 4655 4669 165
-255: 4565 4568 167
-250: 4475 4518 168
-250: 4385 4418 170
-250: 4295 4318 172
-250: 4204 4218 174
-250: 4114 4118 176
-250: 4023 4068 177
-250: 3934 3968 179
-250: 3843 3868 181
-255: 3753 3767 183
-250: 3663 3668 185
-250: 3573 3618 186
-250: 3483 3517 188
-250: 3393 3417 190
-250: 3302 3317 192
-250: 3212 3217 194
-250: 3122 3167 195
-255: 3031 3066 197
-250: 2942 2966 199
-200: 2852 2866 201
-200: 2762 2766 203
-200: 2672 2716 204
-204: 2582 2615 206
-200: 2491 2515 208
-200: 2401 2415 210
-204: 2311 2314 212
-200: 2221 2264 213
-200: 2130 2164 215
-200: 2040 2064 217
-200: 1950 1964 219
-200: 1860 1864 221
-200: 1769 1814 222
-200: 1680 1714 224
-200: 1589 1614 226
-200: 1499 1513 228
-200: 1409 1413 230
-200: 1319 1363 231
-200: 1229 1263 233
-200: 1139 1163 235
-204: 1048 1062 237
-200: 958 962 239
-200: 876 912 240
-200: 794 812 242
-200: 713 762 243
-200: 631 662 245
-200: 550 561 247
-200: 468 511 248
-200: 387 411 250
-150: 305 310 252
-150: 223 260 253
-150: 142 160 255
-153: 60 109 256
-150: -17 9 258
-150: -89 -41 259
-150: -171 -141 261
-150: -262 -242 263
-150: -352 -342 265
-150: -443 -443 267
-150: -534 -493 268
-150: -624 -594 270
-153: -715 -695 272
-150: -806 -795 274
-150: -896 -896 276
-153: -987 -947 277
-150: -1078 -1047 279
-150: -1178 -1148 281
-150: -1277 -1249 283
-153: -1376 -1350 285
-153: -1476 -1451 287
-153: -1575 -1552 289
-150: -1675 -1652 291
-153: -1775 -1754 293
-150: -1874 -1854 295
-150: -1974 -1955 297
-150: -2074 -2056 299
-153: -2173 -2157 301
-150: -2273 -2258 303
-153: -2372 -2359 305
-153: -2473 -2460 307
-153: -2572 -2561 309
-150: -2672 -2661 311
-153: -2772 -2763 313
-150: -2871 -2863 315
-150: -2971 -2964 317
-150: -3071 -3065 319
-150: -3170 -3165 321
-150: -3270 -3266 323
-150: -3369 -3367 325
-153: -3469 -3468 327
-150: -3568 -3518 328
-153: -3668 -3619 330
-153: -3768 -3720 332
-100: -3867 -3820 334
-102: -3967 -3921 336
-102: -4066 -4022 338
-100: -4165 -4122 340
-102: -4265 -4223 342
-100: -4364 -4324 344
-100: -4464 -4424 346
-100: -4564 -4525 348
-100: -4663 -4626 350
-102: -4763 -4727 352
-102: -4862 -4828 354
-100: -4962 -4928 356
-100: -5062 -5029 358
-100: -5161 -5130 360
-100: -5261 -5231 362
-100: -5361 -5332 364
-102: -5460 -5433 366
-102: -5560 -5534 368
-100: -5659 -5634 370
-102: -5759 -5735 372
-100: -5859 -5836 374
-102: -5959 -5937 376
-102: -6058 -6038 378
-100: -6158 -6138 380
-102: -6258 -6240 382
-100: -6357 -6340 384
-102: -6457 -6441 386
-100: -6557 -6542 388
-102: -6656 -6643 390
-102: -6756 -6744 392
-100: -6856 -6844 394
-100: -6956 -6945 396
-100: -7056 -7046 398
-100: -7155 -7147 400
-102: -7255 -7248 402
-102: -7355 -7349 404
-100: -7454 -7449 406
-100: -7554 -7550 408
-100: -7653 -7651 410
-102: -7753 -7752 412
-100: -7852 -7852 414
-100: -7951 -7902 415
-100: -8051 -8003 417
-102: -8150 -8104 419
32666: 8133 8179 421
-102: 8038 8078 423
-100: 7948 7978 425
-100: 7858 7878 427
-100: 7767 7777 429
-100: 7677 7677 431
-100: 7586 7627 432
-100: 7496 7527 434
-100: 7406 7427 436
-100: 7315 7326 438
-100: 7225 7226 440
-100: 7134 7176 441
-100: 7044 7076 443
-100: 6955 6976 445
-102: 6864 6875 447
-100: 6774 6775 449
-100: 6684 6725 450
-100: 6593 6625 452
-100: 6504 6525 454
-100: 6413 6425 456
-102: 6322 6324 458
-100: 6232 6274 459
-100: 6142 6175 461
-100: 6052 6074 463
-100: 5962 5974 465
-100: 5871 5874 467
-100: 5781 5824 468
-100: 5691 5724 470
-102: 5601 5623 472
-100: 5511 5523 474
-100: 5421 5423 476
-100: 5330 5373 477
-100: 5240 5273 479
-100: 5150 5173 481
-102: 5059 5072 483
-100: 4969 4973 485
-102: 4879 4922 486
-100: 4789 4822 488
-100: 4699 4722 490
-100: 4608 4622 492
-100: 4518 4521 494
-100: 4428 4471 495
-100: 4337 4371 497
-100: 4247 4271 499
-50: 4156 4171 501
-51: 4070 4070 503
-50: 3984 4020 504
-51: 3898 3920 506
-50: 3813 3820 508
-50: 3728 3770 509
-50: 3641 3670 511
-50: 3555 3570 513
-50: 3469 3469 515
-50: 3383 3419 516
-50: 3297 3319 518
-50: 3211 3219 520
-50: 3125 3169 521
-50: 3040 3068 523
-50: 2954 2968 525
-50: 2868 2918 526
-50: 2781 2817 528
-50: 2696 2717 530
-51: 2610 2616 532
-50: 2523 2566 533
-50: 2437 2466 535
-50: 2351 2365 537
-50: 2265 2315 538
-50: 2179 2214 540
-51: 2092 2113 542
-50: 2006 2013 544
-50: 1920 1963 545
-50: 1834 1862 547
-50: 1747 1761 549
-50: 1661 1711 550
-51: 1574 1610 552
-51: 1488 1509 554
-50: 1402 1409 556
-51: 1316 1358 557
-50: 1230 1257 559
-50: 1143 1157 561
-51: 1056 1106 562
-50: 970 1005 564
-51: 888 904 566
-50: 810 854 567
-50: 733 753 569
-50: 656 703 570
-50: 579 602 572
-51: 501 551 573
-50: 424 451 575
-51: 345 349 577
-50: 268 299 578
-51: 190 198 580
-50: 113 148 581
-50: 35 47 583
-49: -32 -2 584
-51: -105 -103 586
-50: -192 -153 587
-50: -278 -254 589
-51: -364 -355 591
-50: -450 -405 592
-50: -536 -506 594
-50: -623 -606 596
-50: -709 -707 598
-50: -795 -757 599
-50: -881 -858 601
-50: -968 -959 603
-50: -1054 -1009 604
-51: -1149 -1110 606
-50: -1244 -1210 608
-51: -1339 -1311 610
-50: -1435 -1411 612
-50: -1529 -1512 614
-50: -1624 -1612 616
-50: -1720 -1713 618
-51: -1815 -1814 620
-50: -1910 -1864 621
-50: -2005 -1965 623
-50: -2100 -2065 625
-50: -2195 -2166 627
-50: -2290 -2267 629
-51: -2386 -2368 631
-51: -2481 -2469 633
-50: -2576 -2569 635
-51: -2672 -2671 637
-50: -2767 -2721 638
-51: -2862 -2822 640
-51: -2958 -2923 642
-51: -3052 -3024 644
-50: -3148 -3124 646
-50: -3243 -3225 648
-50: -3338 -3326 650
-51: -3434 -3427 652
-50: -3529 -3528 654
-50: -3624 -3578 655
-51: -3720 -3680 657
-50: -3814 -3780 659
-50: -3910 -3881 661
-50: -4006 -3982 663
-50: -4101 -4083 665
-50: -4196 -4184 667
-50: -4291 -4285 669
-51: -4387 -4386 671
-51: -4482 -4437 672
-50: -4577 -4537 674
-50: -4673 -4638 676
-50: -4768 -4739 678
-51: -4863 -4840 680
-51: -4958 -4941 682
-50: -5053 -5041 684
-51: -5148 -5142 686
-51: -5243 -5243 688
-50: -5338 -5293 689
-50: -5433 -5393 691
-50: -5528 -5494 693
-50: -5623 -5594 695
-50: -5719 -5695 697
-50: -5814 -5795 699
-51: -5909 -5896 701
-50: -6004 -5996 703
-50: -6098 -6096 705
-50: -6193 -6146 706
-50: -6288 -6247 708
-50: -6382 -6347 710
-50: -6477 -6447 712
-50: -6571 -6547 714
-50: -6666 -6647 716
-50: -6761 -6748 718
-50: -6856 -6848 720
-50: -6951 -6948 722
-50: -7045 -6998 723
-50: -7140 -7098 725
-51: -7235 -7199 727
-50: -7329 -7299 729
-50: -7424 -7399 731
-50: -7519 -7499 733
-50: -7613 -7599 735
-51: -7708 -7700 737
-50: -7803 -7800 739
-50: -7897 -7850 740
-50: -7993 -7950 742
-50: -8087 -8050 744
-50: -8182 -8150 746
-50: 8106 8132 748
-50: 8021 8032 750
-50: 7935 7982 751
-50: 7849 7882 753
-50: 7763 7782 755
-51: 7677 7681 757
-50: 7592 7631 758
-50: 7506 7531 760
-50: 7420 7431 762
-51: 7334 7380 763
-49: 7249 7281 765
-50: 7163 7180 767
-50: 7076 7080 769
-50: 6991 7030 770
-50: 6905 6930 772
-50: 6819 6830 774
-50: 6734 6780 775
-51: 6647 6679 777
-50: 6562 6579 779
-50: 6476 6479 781
-50: 6389 6429 782
-50: 6303 6329 784
-50: 6218 6229 786
-51: 6132 6178 787
-50: 6046 6078 789
-50: 5960 5978 791
-50: 5874 5878 793
-50: 5788 5828 794
-51: 5702 5727 796
-50: 5615 5627 798
-50: 5530 5577 799
-50: 5444 5477 801
-50: 5358 5376 803
-50: 5272 5276 805
-50: 5186 5226 806
-50: 5100 5125 808
-50: 5014 5025 810
-51: 4927 4974 811
-51: 4841 4873 813
-50: 4755 4773 815
-51: 4669 4672 817
-50: 4583 4622 818
-50: 4497 4522 820
-50: 4411 4421 822
-51: 4324 4370 823
-50: 4238 4270 825
-50: 4151 4169 827
-50: 4065 4068 829
-50: 3979 4018 830
-51: 3892 3917 832
-51: 3806 3816 834
-50: 3720 3766 835
-51: 3633 3665 837
-50: 3547 3564 839
-51: 3461 3463 841
-50: 3374 3413 842
-50: 3287 3312 844
-51: 3201 3211 846
-50: 3115 3161 847
-50: 3028 3060 849
-51: 2942 2959 851
-50: 2855 2858 853
-50: 2769 2808 854
-51: 2682 2707 856
-51: 2596 2606 858
-50: 2509 2556 859
-51: 2423 2455 861
-51: 2337 2354 863
-50: 2251 2254 865
-51: 2164 2203 866
-50: 2078 2103 868
-50: 1991 2002 870
-50: 1905 1952 871
-50: 1819 1851 873
-50: 1732 1751 875
-50: 1646 1650 877
-51: 1560 1599 878
-50: 1474 1499 880
-51: 1387 1398 882
-50: 1301 1348 883
-50: 1215 1248 885
-50: 1128 1147 887
-50: 1042 1046 889
-50: 956 996 890
-51: 878 895 892
-50: 801 845 893
-50: 724 745 895
-51: 647 694 896
-51: 569 593 898
-50: 492 493 900
-50: 414 443 901
-51: 337 341 903
-50: 259 291 904
-50: 182 191 906
-51: 104 140 907
-51: 26 39 909
-49: -41 -10 910
-51: -118 -111 912
-50: -205 -161 913
-50: -291 -262 915
-51: -378 -363 917
-50: -464 -464 919
-50: -550 -514 920
-50: -637 -615 922
-50: -723 -716 924
-50: -810 -766 925
-51: -896 -868 927
-50: -982 -968 929
-51: -1069 -1019 930
-51: -1165 -1120 932
-51: -1260 -1221 934
-50: -1355 -1321 936
-51: -1451 -1423 938
-50: -1546 -1523 940
-50: -1642 -1624 942
-50: -1737 -1725 944
-51: -1832 -1826 946
-50: -1927 -1927 948
-51: -2023 -1978 949
-50: -2118 -2078 951
-51: -2213 -2180 953
-50: -2308 -2280 955
-51: -2404 -2381 957
-50: -2499 -2482 959
-50: -2594 -2582 961
-50: -2689 -2683 963
-50: -2784 -2784 965
-50: -2879 -2834 966
-50: -2974 -2935 968
-50: -3069 -3035 970
-50: -3164 -3136 972
-50: -3259 -3236 974
-51: -3354 -3337 976
-50: -3449 -3437 978
-50: -3543 -3537 980
-50: -3638 -3638 982
-50: -3733 -3688 983
-50: -3827 -3788 985
-51: -3922 -3889 987
-50: -4016 -3989 989
-50: -4110 -4089 991
-50: -4205 -4189 993
-50: -4299 -4289 995
-51: -4395 -4390 997
-50: -4489 -4440 998
-50: -4584 -4540 1
-16650: -4670 -4640 3
-10000: -4769 -4741 5
-7242: -4868 -4841 7
-5550: -4962 -4941 9
-4500: -5056 -5041 11
-3800: -5156 -5141 13
-3300: -5255 -5242 15
-2958: -5354 -5342 17
-2600: -5453 -5442 19
-2350: -5552 -5542 21
-2193: -5651 -5643 23
-2000: -5751 -5743 25
-1850: -5850 -5843 27
-1700: -5949 -5943 29
-1600: -6048 -6043 31
-1500: -6147 -6144 33
-1400: -6246 -6244 35
-1350: -6345 -6344 37
-1300: -6444 -6394 38
-1250: -6543 -6495 40
-1150: -6642 -6595 42
-1100: -6741 -6695 44
-1050: -6840 -6795 46
-1020: -6939 -6896 48
-1000: -7038 -6996 50
-950: -7137 -7096 52
-900: -7232 -7196 54
-850: -7326 -7296 56
-867: -7421 -7397 58
-800: -7515 -7497 60
-800: -7609 -7597 62
-750: -7704 -7697 64
-750: -7799 -7797 66
-700: -7893 -7847 67
-700: -7987 -7948 69
-700: -8082 -8048 71
-650: -8177 -8148 73
-650: 8111 8135 75
-612: 8025 8034 77
-600: 7939 7984 78
-600: 7853 7884 80
-600: 7767 7784 82
-550: 7681 7683 84
-550: 7595 7633 85
-550: 7509 7533 87
-550: 7423 7432 89
-550: 7337 7382 90
-500: 7251 7282 92
-500: 7165 7181 94
-500: 7079 7081 96
-510: 6992 7030 97
-510: 6906 6929 99
-450: 6820 6829 101
-450: 6729 6779 102
-450: 6638 6678 104
-450: 6547 6577 106
-459: 6456 6476 108
-450: 6365 6376 110
-400: 6275 6275 112
-408: 6184 6224 113
-400: 6093 6124 115
-408: 6002 6023 117
-400: 5911 5922 119
-400: 5821 5822 121
-408: 5730 5771 122
-400: 5639 5670 124
-350: 5548 5569 126
-357: 5457 5468 128
-357: 5366 5367 130
-350: 5275 5317 131
-357: 5184 5216 133
-350: 5093 5115 135
-357: 5002 5014 137
-357: 4911 4913 139
-350: 4820 4863 140
-357: 4730 4762 142
-306: 4639 4661 144
-300: 4548 4561 146
-300: 4457 4460 148
-306: 4367 4409 149
-300: 4276 4309 151
-306: 4185 4208 153
-306: 4094 4107 155
-300: 4004 4007 157
-306: 3913 3956 158
-300: 3823 3856 160
-306: 3732 3755 162
-306: 3641 3654 164
-300: 3551 3554 166
-250: 3460 3504 167
-250: 3369 3403 169
-250: 3278 3302 171
-255: 3187 3201 173
-250: 3096 3101 175
-250: 3006 3051 176
-250: 2915 2950 178
-250: 2824 2849 180
-255: 2733 2748 182
-255: 2642 2647 184
-250: 2552 2597 185
-255: 2461 2496 187
-255: 2370 2395 189
-250: 2280 2295 191
-250: 2189 2194 193
-255: 2098 2143 194
-250: 2007 2043 196
-250: 1916 1942 198
-250: 1825 1841 200
-204: 1735 1740 202
-200: 1644 1690 203
-200: 1553 1589 205
-204: 1462 1488 207
-200: 1371 1387 209
-204: 1280 1286 211
-200: 1189 1236 212
-200: 1098 1135 214
-200: 1007 1034 216
-204: 916 933 218
-204: 834 882 219
-200: 753 782 221
-200: 670 681 223
-204: 588 630 224
-204: 506 529 226
-204: 424 428 228
-200: 342 378 229
-200: 260 277 231
-200: 179 227 232
-204: 96 125 234
-200: 19 25 236
-200: -53 -25 237
-204: -136 -126 239
-200: -226 -176 240
-200: -317 -276 242
-204: -408 -378 244
-200: -498 -478 246
-204: -589 -579 248
-200: -679 -629 249
-153: -770 -730 251
-150: -861 -830 253
-150: -951 -931 255
-150: -1042 -1031 257
-150: -1142 -1132 259
-150: -1241 -1232 261
-153: -1341 -1333 263
-150: -1440 -1433 265
-150: -1539 -1533 267
-150: -1638 -1634 269
-150: -1737 -1734 271
-150: -1836 -1834 273
-147: -1935 -1934 275
-150: -2034 -1984 276
-150: -2134 -2085 278
-150: -2232 -2185 280
-150: -2332 -2285 282
-150: -2431 -2386 284
-150: -2530 -2486 286
-150: -2629 -2586 288
-150: -2728 -2687 290
-153: -2827 -2787 292
-150: -2926 -2887 294
-150: -3025 -2987 296
-150: -3124 -3087 298
-150: -3223 -3188 300
-153: -3322 -3288 302
-150: -3422 -3388 304
-150: -3521 -3488 306
-153: -3620 -3589 308
-150: -3719 -3689 310
-150: -3818 -3789 312
-150: -3917 -3889 314
-150: -4016 -3989 316
-153: -4115 -4090 318
-150: -4214 -4190 320
-150: -4313 -4290 322
-150: -4412 -4390 324
-150: -4511 -4490 326
-150: -4610 -4590 328
-150: -4709 -4691 330
-153: -4808 -4791 332
-100: -4907 -4891 334
-100: -5006 -4991 336
-100: -5105 -5091 338
-100: -5204 -5191 340
-100: -5303 -5291 342
-100: -5403 -5391 344
-100: -5501 -5491 346
-102: -5601 -5592 348
-100: -5700 -5692 350
-100: -5799 -5792 352
-100: -5898 -5892 354
-100: -5997 -5992 356
-100: -6096 -6093 358
-100: -6196 -6193 360
-100: -6294 -6293 362
-102: -6394 -6344 363
-100: -6492 -6444 365
-100: -6592 -6544 367
-100: -6691 -6645 369
-100: -6790 -6745 371
-100: -6890 -6846 373
-100: -6989 -6947 375
-100: -7089 -7047 377
-100: -7188 -7148 379
-100: -7287 -7248 381
-100: -7387 -7349 383
-100: -7486 -7450 385
-102: -7586 -7551 387
-102: -7685 -7652 389
-100: -7785 -7752 391
-100: -7885 -7853 393
-100: -7984 -7954 395
-102: -8084 -8055 397
-102: -8184 -8156 399
-100: 8100 8127 401
-102: 8008 8025 403
-100: 7918 7925 405
-102: 7827 7874 406
-102: 7736 7773 408
-102: 7645 7672 410
-100: 7554 7572 412
-102: 7463 7470 414
-100: 7373 7420 415
-102: 7282 7319 417
-102: 7191 7218 419
-100: 7100 7118 421
-102: 7009 7017 423
-100: 6918 6967 424
-100: 6828 6866 426
-102: 6736 6765 428
-102: 6645 6664 430
-100: 6555 6564 432
-102: 6464 6513 433
-100: 6373 6413 435
-100: 6282 6312 437
-102: 6192 6211 439
-100: 6101 6111 441
-100: 6010 6010 443
-100: 5920 5960 444
-100: 5829 5859 446
-102: 5739 5758 448
-100: 5648 5658 450
-102: 5557 5557 452
-102: 5466 5506 453
-100: 5375 5406 455
-102: 5285 5305 457
-100: 5194 5204 459
-100: 5103 5104 461
-102: 5012 5053 462
-100: 4920 4952 464
-102: 4830 4851 466
-102: 4739 4750 468
-102: 4648 4649 470
-100: 4557 4599 471
-102: 4466 4498 473
-100: 4375 4397 475
-102: 4284 4296 477
-102: 4193 4195 479
-100: 4102 4145 480
-102: 4011 4044 482
-100: 3920 3943 484
-100: 3829 3842 486
-102: 3738 3741 488
-102: 3647 3690 489
-100: 3556 3590 491
-102: 3465 3488 493
-100: 3374 3388 495
-100: 3283 3287 497
-102: 3192 3236 498
-100: 3101 3135 500
-51: 3010 3034 502
-51: 2924 2933 504
-50: 2838 2883 505
-50: 2751 2782 507
-50: 2664 2681 509
-50: 2578 2580 511
-50: 2491 2530 512
-51: 2404 2428 514
-50: 2318 2328 516
-51: 2231 2277 517
-51: 2145 2176 519
-50: 2059 2076 521
-50: 1973 1975 523
-51: 1886 1924 524
-50: 1800 1824 526
-51: 1713 1723 528
-50: 1627 1673 529
-50: 1541 1572 531
-51: 1455 1471 533
-50: 1369 1371 535
-50: 1283 1321 536
-51: 1197 1220 538
-50: 1111 1120 540
-50: 1025 1070 541
-51: 939 969 543
-50: 861 869 545
-50: 785 819 546
-51: 707 718 548
-50: 631 668 549
-50: 553 568 551
-50: 476 518 552
-51: 399 417 554
-50: 322 367 555
-51: 244 267 557
-50: 167 217 558
-50: 90 117 560
-50: 18 67 561
-50: -50 -33 563
-50: -127 -83 564
-50: -208 -183 566
-50: -294 -283 568
-50: -379 -333 569
-50: -465 -433 571
-51: -551 -534 573
-50: -637 -634 575
-50: -723 -684 576
-50: -809 -784 578
-50: -895 -884 580
-50: -980 -934 581
-51: -1066 -1035 583
-50: -1161 -1135 585
-50: -1255 -1235 587
-50: -1350 -1335 589
-50: -1444 -1435 591
-50: -1539 -1535 593
-51: -1634 -1586 594
-49: -1728 -1685 596
-50: -1823 -1786 598
-50: -1918 -1886 600
-50: -2013 -1986 602
-50: -2108 -2086 604
-50: -2202 -2186 606
-50: -2297 -2286 608
-50: -2391 -2386 610
-50: -2486 -2436 611
-51: -2581 -2537 613
-50: -2674 -2637 615
-51: -2769 -2737 617
-50: -2864 -2837 619
-50: -2957 -2937 621
-50: -3052 -3037 623
-50: -3147 -3137 625
-50: -3241 -3237 627
-50: -3335 -3287 628
-50: -3430 -3387 630
-50: -3525 -3487 632
-50: -3619 -3588 634
-50: -3714 -3688 636
-50: -3809 -3788 638
-50: -3903 -3889 640
-50: -3998 -3989 642
-51: -4093 -4090 644
-50: -4187 -4140 645
-50: -4283 -4240 647
-50: -4377 -4341 649
-50: -4472 -4441 651
-51: -4567 -4542 653
-51: -4662 -4643 655
-50: -4757 -4743 657
-50: -4853 -4844 659
-50: -4947 -4944 661
-51: -5042 -4995 662
-51: -5137 -5096 664
-50: -5232 -5196 666
-50: -5328 -5297 668
-50: -5423 -5398 670
-51: -5518 -5499 672
-51: -5613 -5600 674
-50: -5708 -5700 676
-51: -5803 -5802 678
-50: -5899 -5852 679
-51: -5994 -5953 681
-51: -6089 -6054 683
-51: -6184 -6155 685
-50: -6279 -6255 687
-51: -6375 -6357 689
-50: -6470 -6457 691
-50: -6566 -6558 693
-50: -6661 -6659 695
-50: -6756 -6709 696
-50: -6852 -6810 698
-50: -6947 -6911 700
-51: -7042 -7012 702
-51: -7137 -7113 704
-50: -7232 -7213 706
-50: -7328 -7314 708
-50: -7423 -7415 710
-51: -7518 -7516 712
-50: -7613 -7566 713
-50: -7708 -7667 715
-50: -7803 -7767 717
-50: -7898 -7868 719
-51: -7993 -7969 721
-51: -8089 -8070 723
-50: -8184 -8170 725
-51: 8104 8112 727
-50: 8017 8062 728
-50: 7931 7961 730
-50: 7845 7861 732
-51: 7758 7759 734
-50: 7672 7709 735
-50: 7585 7609 737
-51: 7498 7507 739
-50: 7412 7457 740
-51: 7326 7356 742
-51: 7239 7255 744
-50: 7153 7155 746
-51: 7066 7104 747
-50: 6980 7003 749
-51: 6894 6902 751
-50: 6807 6852 752
-50: 6720 6751 754
-50: 6634 6650 756
-50: 6548 6549 758
-51: 6461 6498 759
-51: 6375 6397 761
-51: 6288 6296 763
-50: 6202 6246 764
-50: 6115 6145 766
-50: 6028 6044 768
-50: 5942 5943 770
-51: 5855 5892 771
-51: 5769 5791 773
-51: 5682 5690 775
-50: 5596 5640 776
-51: 5508 5538 778
-50: 5422 5438 780
-50: 5336 5337 782
-51: 5249 5286 783
-50: 5163 5185 785
-51: 5076 5084 787
-51: 4989 5033 788
-50: 4903 4933 790
-50: 4817 4832 792
-50: 4730 4731 794
-51: 4644 4680 795
-51: 4557 4579 797
-51: 4470 4478 799
-50: 4384 4428 800
-51: 4298 4327 802
-51: 4212 4226 804
-50: 4126 4126 806
-51: 4039 4075 807
-51: 3953 3974 809
-50: 3867 3874 811
-50: 3781 3824 812
-50: 3695 3723 814
-50: 3609 3623 816
-51: 3523 3572 817
-51: 3436 3471 819
-50: 3350 3371 821
-50: 3264 3271 823
-51: 3179 3220 824
-50: 3093 3120 826
-50: 3007 3020 828
-50: 2921 2970 829
-50: 2835 2870 831
-50: 2748 2769 833
-50: 2663 2669 835
-50: 2577 2619 836
-51: 2491 2518 838
-50: 2406 2418 840
-50: 2320 2368 841
-50: 2234 2268 843
-50: 2148 2167 845
-51: 2062 2067 847
-50: 1977 2017 848
-50: 1891 1917 850
-50: 1805 1817 852
-51: 1719 1766 853
-50: 1633 1666 855
-50: 1547 1566 857
-51: 1461 1465 859
-50: 1375 1415 860
-50: 1289 1315 862
-50: 1203 1215 864
-50: 1117 1165 865
-50: 1031 1065 867
-50: 945 964 869
-50: 869 914 870
-50: 791 814 872
-50: 714 764 873
-50: 637 664 875
-50: 560 564 877
-51: 482 513 878
-50: 405 413 880
-50: 329 363 881
-51: 251 262 883
-50: 174 212 884
-50: 97 112 886
-50: 24 62 887
-49: -43 -37 889
-50: -121 -87 890
-50: -202 -187 892
-51: -288 -238 893
-50: -373 -338 895
-50: -459 -438 897
-51: -545 -539 899
-50: -631 -589 900
-50: -717 -689 902
-50: -803 -789 904
-50: -888 -839 905
-50: -974 -939 907
-51: -1060 -1040 909
-50: -1154 -1140 911
-50: -1249 -1240 913
-50: -1344 -1340 915
-50: -1438 -1390 916
-51: -1533 -1491 918
-50: -1628 -1591 920
-50: -1722 -1691 922
-51: -1817 -1792 924
-50: -1912 -1892 926
-50: -2007 -1992 928
-50: -2101 -2093 930
-50: -2196 -2193 932
-51: -2291 -2244 933
-50: -2386 -2344 935
-50: -2481 -2444 937
-50: -2576 -2545 939
-51: -2671 -2646 941
-51: -2766 -2747 943
-50: -2861 -2847 945
-51: -2956 -2948 947
-51: -3052 -3049 949
-50: -3146 -3099 950
-50: -3242 -3199 952
-51: -3337 -3301 954
-50: -3432 -3401 956
-50: -3528 -3502 958
-50: -3623 -3603 960
-51: -3719 -3704 962
-50: -3814 -3805 964
-51: -3909 -3906 966
-50: -4005 -3956 967
-50: -4101 -4057 969
-50: -4196 -4158 971
-50: -4291 -4259 973
-50: -4387 -4360 975
-51: -4482 -4461 977
-50: -4578 -4562 979
-51: -4673 -4663 981
-51: -4769 -4764 983
-50: -4864 -4814 984
-50: -4959 -4915 986
-50: -5055 -5016 988
-50: -5150 -5117 990
-51: -5245 -5218 992
-51: -5341 -5319 994
-50: -5435 -5419 996
-50: -5531 -5520 998
-50: -5626 -5621 1
-25000: -5712 -5671 2
-12500: -5812 -5772 4
-8300: -5912 -5873 6
-6375: -6007 -5974 8
-5100: -6102 -6075 10
-4150: -6201 -6175 12
-3550: -6301 -6276 14
-3100: -6400 -6377 16
-2750: -6500 -6477 18
-2500: -6599 -6578 20
-2250: -6699 -6679 22
-2091: -6799 -6780 24
-1900: -6899 -6881 26
-1785: -6998 -6982 28
-1683: -7098 -7083 30
-1550: -7197 -7183 32
-1479: -7298 -7285 34
-1350: -7397 -7385 36
-1300: -7496 -7486 38
-1250: -7596 -7587 40
-1150: -7696 -7688 42
-1100: -7796 -7789 44
-1050: -7895 -7890 46
-1000: -7996 -7991 48
-1020: -8096 -8093 50
-17353: 8187 8190 52
-918: 8092 8139 53
-918: 8005 8038 55
-867: 7918 7937 57
-816: 7831 7836 59
-816: 7745 7785 60
-800: 7658 7685 62
-765: 7571 7583 64
-750: 7484 7533 65
-700: 7398 7432 67
-700: 7311 7331 69
-700: 7224 7230 71
-663: 7138 7179 72
-663: 7051 7078 74
-663: 6965 6977 76
-600: 6878 6927 77
-600: 6791 6826 79
-600: 6705 6725 81
-600: 6618 6624 83
-561: 6531 6573 84
-561: 6445 6472 86
-550: 6359 6372 88
-561: 6272 6321 89
-510: 6186 6220 91
-500: 6099 6120 93
-500: 6013 6019 95
-510: 5927 5968 96
-500: 5841 5868 98
-500: 5755 5767 100
-450: 5665 5667 102
-459: 5574 5616 103
-450: 5483 5516 105
-450: 5393 5415 107
-450: 5302 5315 109
-459: 5212 5214 111
-392: 5122 5165 112
-400: 5031 5064 114
-400: 4941 4964 116
-400: 4851 4864 118
-400: 4760 4763 120
-400: 4670 4713 121
-400: 4580 4613 123
-400: 4489 4513 125
-350: 4399 4413 127
-357: 4309 4312 129
-350: 4219 4262 130
-350: 4129 4162 132
-350: 4038 4062 134
-350: 3948 3962 136
-350: 3858 3862 138
-357: 3767 3811 139
-350: 3677 3711 141
-300: 3587 3611 143
-300: 3496 3510 145
-300: 3406 3410 147
-300: 3316 3360 148
-300: 3225 3260 150
-300: 3135 3160 152
-300: 3044 3059 154
-300: 2954 2959 156
-300: 2864 2909 157
-306: 2773 2808 159
-300: 2683 2708 161
-300: 2593 2608 163
-306: 2502 2507 165
-300: 2412 2457 166
-250: 2321 2357 168
-250: 2231 2257 170
-250: 2142 2157 172
-250: 2051 2056 174
-250: 1961 2006 175
-250: 1871 1906 177
-255: 1780 1805 179
-250: 1690 1705 181
-250: 1600 1605 183
-250: 1509 1555 184
-250: 1419 1454 186
-250: 1328 1354 188
-250: 1238 1254 190
-250: 1148 1154 192
-250: 1058 1104 193
-255: 967 1003 195
-250: 882 904 197
-250: 800 803 199
-250: 718 753 200
-200: 637 653 202
-200: 555 603 203
-204: 474 502 205
-200: 393 403 207
-204: 311 352 208
-200: 229 252 210
-200: 148 152 212
-200: 66 102 213
-200: -11 1 215
-196: -83 -48 216
-200: -164 -148 218
-200: -255 -249 220
-200: -345 -299 221
-200: -436 -399 223
-200: -526 -500 225
-200: -616 -600 227
-200: -707 -701 229
-204: -797 -752 230
-200: -887 -852 232
-204: -978 -953 234
-200: -1069 -1053 236
-204: -1168 -1154 238
-204: -1268 -1255 240
-200: -1367 -1355 242
-200: -1467 -1456 244
-200: -1567 -1557 246
-204: -1666 -1658 248
-204: -1766 -1759 250
-153: -1865 -1860 252
-153: -1965 -1961 254
-153: -2065 -2062 256
-150: -2165 -2162 258
-153: -2265 -2264 260
-150: -2364 -2364 262
-153: -2465 -2415 263
-153: -2565 -2516 265
-153: -2664 -2617 267
-153: -2764 -2718 269
-153: -2863 -2819 271
-150: -2963 -2919 273
-153: -3063 -3021 275
-150: -3162 -3121 277
-150: -3262 -3222 279
-150: -3362 -3323 281
-153: -3461 -3424 283
-153: -3560 -3525 285
-150: -3659 -3625 287
-150: -3759 -3726 289
-150: -3859 -3827 291
-153: -3958 -3928 293
-150: -4057 -4028 295
-150: -4157 -4129 297
-153: -4256 -4230 299
-150: -4356 -4330 301
-150: -4456 -4431 303
-150: -4556 -4532 305
-150: -4655 -4632 307
-150: -4755 -4733 309
-150: -4854 -4834 311
-153: -4954 -4935 313
-153: -5054 -5036 315
-150: -5153 -5136 317
-150: -5253 -5237 319
-150: -5353 -5338 321
-153: -5453 -5439 323
-150: -5553 -5540 325
-153: -5652 -5641 327
-153: -5752 -5742 329
-153: -5852 -5843 331
-150: -5951 -5943 333
-100: -6051 -6044 335
-100: -6151 -6145 337
-102: -6251 -6246 339
-100: -6351 -6347 341
-102: -6450 -6448 343
-102: -6550 -6549 345
-100: -6650 -6649 347
-102: -6750 -6700 348
-100: -6850 -6801 350
-100: -6950 -6902 352
-102: -7050 -7003 354
-100: -7149 -7104 356
-102: -7250 -7205 358
-102: -7350 -7306 360
-100: -7449 -7406 362
-102: -7549 -7508 364
-100: -7649 -7608 366
-100: -7748 -7709 368
-100: -7848 -7810 370
-100: -7947 -7911 372
-102: -8047 -8012 374
-102: -8146 -8113 376
32666: 8137 8170 378
-100: 8042 8069 380
-100: 7951 7969 382
-100: 7860 7868 384
-100: 7769 7818 385
-100: 7678 7717 387
-102: 7587 7616 389
-100: 7497 7516 391
-102: 7406 7415 393
-100: 7316 7365 394
-100: 7226 7265 396
-100: 7135 7165 398
-100: 7045 7064 400
-100: 6955 6964 402
-100: 6864 6914 403
-100: 6774 6813 405
-100: 6683 6713 407
-102: 6593 6612 409
-100: 6503 6512 411
-100: 6412 6412 413
-100: 6322 6362 414
-100: 6232 6262 416
-100: 6141 6162 418
-100: 6051 6061 420
-100: 5961 5961 422
-100: 5870 5911 423
-102: 5780 5810 425
-100: 5690 5710 427
-100: 5599 5610 429
-100: 5509 5510 431
-100: 5419 5460 432
-100: 5328 5359 434
-100: 5238 5259 436
-100: 5148 5159 438
-102: 5057 5058 440
-100: 4968 5008 441
-102: 4877 4908 443
-100: 4786 4808 445
-100: 4697 4708 447
-102: 4606 4607 449
-100: 4516 4557 450
-100: 4426 4457 452
-100: 4335 4357 454
-100: 4245 4256 456
-100: 4155 4156 458
-100: 4064 4106 459
-100: 3974 4006 461
-100: 3884 3906 463
-100: 3793 3805 465
-100: 3703 3705 467
-100: 3613 3655 468
-100: 3523 3555 470
-100: 3433 3455 472
-102: 3343 3354 474
-100: 3253 3254 476
-100: 3162 3204 477
-100: 3072 3104 479
-100: 2982 3004 481
-102: 2892 2903 483
-100: 2801 2803 485
-100: 2711 2753 486
-100: 2620 2653 488
-100: 2530 2552 490
-100: 2440 2452 492
-102: 2349 2351 494
-100: 2259 2301 495
-100: 2169 2201 497
-102: 2078 2100 499
-50: 1988 2000 501
-50: 1902 1950 502
-50: 1815 1849 504
-51: 1729 1748 506
-50: 1643 1648 508
-51: 1557 1597 509
-50: 1471 1497 511
-51: 1385 1396 513
-50: 1298 1346 514
-50: 1212 1245 516
-50: 1125 1145 518
-50: 1039 1044 520
-51: 953 993 521
-50: 875 893 523
-51: 798 842 524
-50: 721 741 526
-50: 643 691 527
-50: 565 590 529
-50: 488 489 531
-50: 410 439 532
-50: 333 338 534
-51: 255 287 535
-51: 178 186 537
-50: 101 136 538
-50: 23 35 540
-50: -44 -15 541
-51: -122 -116 543
-50: -209 -166 544
-50: -295 -267 546
-50: -381 -368 548
-51: -467 -419 549
-51: -554 -520 551
-51: -640 -621 553
-51: -727 -722 555
-50: -813 -772 556
-51: -900 -873 558
-50: -987 -974 560
-50: -1073 -1024 561
-50: -1169 -1125 563
-50: -1264 -1226 565
-50: -1359 -1327 567
-51: -1455 -1428 569
-51: -1549 -1529 571
-50: -1644 -1629 573
-50: -1740 -1730 575
-50: -1835 -1831 577
-50: -1930 -1881 578
-50: -2025 -1982 580
-51: -2120 -2083 582
-51: -2215 -2184 584
-50: -2310 -2284 586
-51: -2405 -2385 588
-51: -2500 -2486 590
-50: -2595 -2586 592
-50: -2690 -2687 594
-51: -2786 -2738 595
-50: -2881 -2838 597
-50: -2976 -2939 599
-50: -3072 -3040 601
-51: -3167 -3141 603
-51: -3262 -3242 605
-50: -3357 -3342 607
-51: -3453 -3444 609
-50: -3548 -3544 611
-51: -3643 -3595 612
-51: -3739 -3696 614
-51: -3834 -3797 616
-50: -3930 -3897 618
-51: -4025 -3999 620
-50: -4120 -4099 622
-50: -4216 -4200 624
-50: -4312 -4301 626
-51: -4407 -4402 628
-51: -4503 -4453 629
-51: -4598 -4554 631
-50: -4694 -4654 633
-51: -4789 -4756 635
-50: -4884 -4856 637
-51: -4980 -4958 639
-50: -5075 -5058 641
-50: -5170 -5159 643
-50: -5266 -5260 645
-51: -5361 -5311 646
-51: -5457 -5412 648
-51: -5552 -5513 650
-50: -5647 -5613 652
-51: -5743 -5715 654
-50: -5838 -5815 656
-50: -5933 -5916 658
-50: -6029 -6017 660
-51: -6123 -6118 662
-51: -6219 -6219 664
-50: -6314 -6269 665
-50: -6409 -6370 667
-51: -6504 -6471 669
-50: -6599 -6571 671
-51: -6694 -6672 673
-51: -6789 -6773 675
-50: -6884 -6873 677
-51: -6978 -6974 679
-50: -7073 -7024 680
-50: -7168 -7124 682
-51: -7263 -7225 684
-50: -7357 -7325 686
-50: -7452 -7425 688
-50: -7547 -7526 690
-50: -7641 -7626 692
-51: -7736 -7727 694
-50: -7831 -7827 696
-50: -7925 -7877 697
-50: -8020 -7977 699
-50: -8114 -8078 701
-51: 8174 -8178 703
-50: 8083 8105 705
-50: 7998 8005 707
-50: 7912 7955 708
-50: 7826 7854 710
-50: 7740 7754 712
-50: 7654 7704 713
-50: 7568 7603 715
-50: 7482 7503 717
-50: 7396 7403 719
-50: 7310 7353 720
-50: 7225 7253 722
-50: 7139 7152 724
-50: 7053 7102 725
-50: 6967 7002 727
-51: 6881 6901 729
-50: 6795 6801 731
-50: 6709 6751 732
-51: 6623 6650 734
-50: 6537 6550 736
-50: 6451 6500 737
-50: 6365 6400 739
-50: 6279 6299 741
-50: 6193 6199 743
-50: 6107 6149 744
-50: 6021 6048 746
-50: 5936 5948 748
-50: 5849 5898 749
-50: 5764 5798 751
-51: 5677 5697 753
-50: 5592 5597 755
-50: 5506 5547 756
-50: 5420 5447 758
-50: 5333 5346 760
-50: 5248 5296 761
-50: 5161 5196 763
-50: 5076 5096 765
-50: 4990 4996 767
-50: 4904 4946 768
-50: 4818 4845 770
-50: 4733 4745 772
-50: 4647 4695 773
-51: 4561 4594 775
-50: 4475 4494 777
-50: 4389 4394 779
-50: 4303 4344 780
-50: 4217 4244 782
-50: 4131 4143 784
-50: 4045 4093 785
-50: 3959 3993 787
-50: 3872 3892 789
-50: 3786 3792 791
-51: 3700 3741 792
-50: 3614 3641 794
-50: 3528 3540 796
-50: 3442 3490 797
-51: 3355 3389 799
-50: 3269 3289 801
-51: 3183 3188 803
-50: 3097 3138 804
-51: 3011 3037 806
-50: 2925 2937 808
-51: 2838 2886 809
-50: 2752 2786 811
-51: 2665 2685 813
-51: 2579 2584 815
-50: 2492 2534 816
-51: 2406 2433 818
-51: 2319 2332 820
-50: 2233 2282 821
-50: 2146 2182 823
-51: 2060 2080 825
-50: 1974 1980 827
-50: 1887 1930 828
-51: 1801 1828 830
-50: 1714 1728 832
-50: 1628 1678 833
-51: 1541 1576 835
-50: 1456 1476 837
-51: 1369 1375 839
-50: 1283 1325 840
-50: 1197 1224 842
-51: 1110 1123 844
-50: 1024 1073 845
-50: 938 972 847
-51: 860 871 849
-50: 782 821 850
-51: 705 720 852
-50: 627 670 853
-50: 550 569 855
-50: 472 519 856
-51: 394 418 858
-51: 317 317 860
-50: 240 267 861
-51: 162 166 863
-50: 84 116 864
-51: 12 15 866
-49: -56 -34 867
-50: -134 -84 868
-50: -216 -185 870
-50: -302 -285 872
-50: -389 -386 874
-51: -475 -437 875
-50: -561 -537 877
-50: -647 -638 879
-51: -734 -689 880
-50: -820 -789 882
-50: -907 -890 884
-50: -993 -991 886
-50: -1079 -1041 887
-50: -1175 -1142 889
-50: -1270 -1243 891
-51: -1365 -1344 893
-50: -1461 -1445 895
-50: -1556 -1546 897
-51: -1652 -1647 899
-51: -1747 -1698 900
-50: -1842 -1798 902
-50: -1938 -1899 904
-50: -2033 -2000 906
-51: -2128 -2101 908
-50: -2224 -2202 910
-50: -2319 -2303 912
-51: -2415 -2404 914
-50: -2510 -2505 916
-50: -2605 -2555 917
-51: -2701 -2657 919
-51: -2796 -2758 921
-50: -2892 -2858 923
-51: -2987 -2960 925
-50: -3082 -3060 927
-51: -3178 -3162 929
-51: -3273 -3263 931
-50: -3368 -3363 933
-51: -3464 -3414 934
-50: -3559 -3515 936
-51: -3654 -3616 938
-51: -3750 -3717 940
-51: -3845 -3818 942
-51: -3940 -3919 944
-51: -4036 -4020 946
-50: -4131 -4120 948
-50: -4226 -4221 950
-51: -4321 -4272 951
-50: -4417 -4372 953
-50: -4512 -4473 955
-50: -4607 -4574 957
-51: -4702 -4675 959
-50: -4797 -4775 961
-51: -4892 -4876 963
-51: -4987 -4977 965
-50: -5082 -5077 967
-50: -5177 -5127 968
-50: -5272 -5228 970
-50: -5367 -5328 972
-51: -5462 -5429 974
-50: -5557 -5529 976
-50: -5652 -5629 978
-50: -5747 -5730 980
-50: -5842 -5830 982
-51: -5937 -5931 984
-50: -6032 -6031 986
-50: -6126 -6081 987
-50: -6221 -6181 989
-50: -6316 -6282 991
-50: -6411 -6382 993
-51: -6506 -6483 995
-50: -6600 -6583 997
-50: -6695 -6683 999
-25000: -6790 -6783 2
-12750: -6889 -6884 4
-8300: -6988 -6984 6
-7100: -7083 -7034 7
-5661: -7178 -7135 9
-4500: -7273 -7235 11
-3800: -7372 -7335 13
-3366: -7471 -7436 15
-2900: -7570 -7536 17
-2600: -7670 -7636 19
-2350: -7769 -7737 21
-2150: -7867 -7837 23
-2000: -7967 -7937 25
-1850: -8066 -8038 27
-1700: -8165 -8138 29
-1632: 8119 8145 31
-1500: 8029 8045 33
-1400: 7938 7944 35
-1350: 7848 7894 36
-1300: 7757 7794 38
-1275: 7667 7693 40
-1150: 7577 7593 42
-1100: 7486 7493 44
-1100: 7395 7443 45
-1050: 7305 7343 47
-1000: 7215 7243 49
-950: 7125 7142 51
-900: 7039 7042 53
-900: 6953 6992 54
-850: 6867 6892 56
-850: 6782 6792 58
-800: 6696 6742 59
-816: 6610 6641 61
-735: 6525 6542 63
-750: 6438 6441 65
-750: 6352 6391 66
-700: 6267 6291 68
-714: 6180 6190 70
-700: 6094 6140 71
-650: 6009 6040 73
-663: 5922 5939 75
-600: 5836 5839 77
-600: 5750 5789 78
-612: 5664 5688 80
-600: 5578 5588 82
-600: 5491 5538 83
-550: 5405 5437 85
-550: 5319 5336 87
-550: 5234 5236 89
-561: 5147 5185 90
-500: 5061 5085 92
-500: 4975 4984 94
-510: 4888 4933 95
-500: 4802 4833 97
-500: 4716 4732 99
-450: 4629 4631 101
-450: 4539 4581 102
-450: 4448 4480 104
-450: 4357 4379 106
-450: 4266 4278 108
-459: 4175 4177 110
-459: 4084 4126 111
-408: 3993 4025 113
-408: 3902 3924 115
-408: 3811 3823 117
-408: 3720 3722 119
-400: 3629 3672 120
-400: 3538 3571 122
-400: 3447 3470 124
-350: 3356 3369 126
-350: 3265 3268 128
-357: 3174 3217 129
-357: 3083 3116 131
-350: 2992 3016 133
-357: 2901 2914 135
-350: 2810 2814 137
-357: 2719 2763 138
-357: 2628 2662 140
-357: 2537 2561 142
-300: 2446 2461 144
-306: 2356 2359 146
-300: 2266 2309 147
-306: 2175 2208 149
-306: 2083 2107 151
-300: 1993 2007 153
-306: 1902 1906 155
-300: 1811 1856 156
-300: 1720 1755 158
-306: 1629 1654 160
-300: 1538 1554 162
-300: 1448 1453 164
-306: 1357 1402 165
-250: 1266 1302 167
-255: 1175 1201 169
-255: 1084 1100 171
-250: 994 1000 173
-255: 907 949 174
-250: 825 848 176
-255: 744 747 178
-250: 662 697 179
-250: 579 596 181
-250: 498 546 182
-250: 415 445 184
-255: 333 343 186
-250: 251 293 187
-255: 169 192 189
-250: 87 91 191
-250: 14 41 192
-250: -58 -9 193
-255: -136 -110 195
-250: -227 -211 197
-255: -318 -312 199
-255: -409 -363 200
-200: -499 -463 202
-200: -590 -564 204
-204: -682 -666 206
-204: -772 -767 208
-200: -864 -817 209
-200: -954 -918 211
-200: -1045 -1019 213
-200: -1145 -1120 215
-200: -1245 -1221 217
-200: -1344 -1322 219
-204: -1444 -1424 221
-200: -1544 -1524 223
-204: -1644 -1626 225
-204: -1744 -1727 227
-200: -1843 -1827 229
-204: -1943 -1929 231
-200: -2043 -2029 233
-204: -2143 -2131 235
-204: -2243 -2232 237
-200: -2342 -2332 239
-204: -2442 -2434 241
-200: -2542 -2534 243
-200: -2641 -2635 245
-200: -2741 -2736 247
-204: -2841 -2837 249
-153: -2941 -2938 251
-150: -3040 -3038 253
-153: -3139 -3139 255
-150: -3239 -3189 256
-150: -3338 -3289 258
-150: -3438 -3390 260
-153: -3537 -3491 262
-150: -3637 -3591 264
-153: -3736 -3692 266
-150: -3835 -3792 268
-150: -3935 -3892 270
-150: -4034 -3992 272
-150: -4133 -4092 274
-150: -4232 -4193 276
-150: -4331 -4293 278
-150: -4430 -4393 280
-150: -4529 -4494 282
-150: -4629 -4594 284
-150: -4728 -4694 286
-150: -4827 -4794 288
-153: -4927 -4895 290
-150: -5026 -4995 292
-150: -5125 -5095 294
-150: -5224 -5195 296
-147: -5323 -5295 298
-150: -5422 -5396 300
-150: -5521 -5496 302
-150: -5620 -5596 304
-150: -5719 -5697 306
-150: -5818 -5797 308
-150: -5917 -5897 310
-150: -6016 -5997 312
-153: -6115 -6098 314
-150: -6214 -6198 316
-150: -6313 -6298 318
-153: -6412 -6399 320
-150: -6511 -6499 322
-150: -6611 -6599 324
-150: -6710 -6700 326
-150: -6810 -6800 328
-150: -6910 -6900 330
-150: -7009 -7001 332
-100: -7108 -7101 334
-100: -7207 -7201 336
-100: -7306 -7301 338
-100: -7405 -7402 340
-100: -7504 -7502 342
-100: -7603 -7602 344
-100: -7702 -7652 346
-100: -7802 -7753 347
-100: -7901 -7853 349
-100: -8000 -7953 351
-100: -8099 -8053 353
-102: 8185 -8154 355
-100: 8090 8129 357
-100: 8000 8029 359
-100: 7910 7928 361
-100: 7819 7828 363
-100: 7728 7778 364
-102: 7637 7677 366
-100: 7547 7577 368
-102: 7456 7476 370
-100: 7366 7376 372
-100: 7275 7276 374
-102: 7185 7225 375
-100: 7095 7125 377
-102: 7004 7024 379
-102: 6912 6923 381
-100: 6822 6823 383
-102: 6731 6772 384
-102: 6640 6671 386
-100: 6549 6571 388
-100: 6458 6470 390
-100: 6367 6369 392
-100: 6277 6319 393
-100: 6185 6218 395
-100: 6095 6117 397
-102: 6004 6016 399
-100: 5913 5915 401
-102: 5822 5864 402
-100: 5731 5764 404
-102: 5640 5662 406
-102: 5550 5561 408
-102: 5459 5460 410
-100: 5369 5410 411
-100: 5278 5309 413
-102: 5187 5207 415
-102: 5096 5106 417
-100: 5005 5006 419
-102: 4914 4955 420
-100: 4823 4854 422
-100: 4732 4753 424
-100: 4641 4652 426
-100: 4551 4551 428
-102: 4460 4500 429
-102: 4369 4399 431
-102: 4278 4298 433
-102: 4187 4197 435
-102: 4096 4096 437
-100: 4005 4046 438
-102: 3914 3945 440
-102: 3823 3844 442
-100: 3732 3744 444
-102: 3641 3642 446
-100: 3551 3592 447
-100: 3460 3492 449
-100: 3369 3391 451
-100: 3278 3290 453
-102: 3187 3189 455
-100: 3096 3139 456
-102: 3006 3038 458
-102: 2915 2937 460
-100: 2824 2837 462
-102: 2734 2736 464
-100: 2643 2686 465
-100: 2552 2585 467
-102: 2461 2484 469
-102: 2370 2383 471
-100: 2279 2283 473
-102: 2188 2232 474
-100: 2097 2131 476
-102: 2007 2030 478
-102: 1915 1929 480
-102: 1825 1828 482
-100: 1734 1778 483
-102: 1642 1677 485
-100: 1552 1576 487
-102: 1462 1475 489
-100: 1370 1374 491
-100: 1279 1324 492
-100: 1188 1223 494
-102: 1097 1121 496
-100: 1006 1021 498
-102: 915 919 